Sample File	G:\Shared drives\EARL\STUDENTS\Patricia\2020\CCNC Internal Mixtures\Mixing Tube Experiments\Overnights\AS to Sucrose\AS only.S80							
Classifier Model	3080							
DMA Model	3081							
DMA Inner Radius(cm)	0.00937							
DMA Outer Radius(cm)	0.01961							
DMA Characteristic Length(cm)	0.44369							
CPC Model	3776 Low Flow							
Reference Gas Viscosity (Pa*s)	1.83E-05							
Reference Mean Free Path (m)	6.73E-08							
Reference Gas Temperature (K)	296.15							
Reference Gas Pressure (kPa)	101.3							
Channels/Decade	64							
Multiple Charge Correction	FALSE							
Nanoparticle Aggregate Mobility Analysis	FALSE							
Diffusion Correction	FALSE							
Units	dw/dlogDp							
Weight	Number							
Sample #	1		2		3		4	
Date	10/6/21		10/6/21		10/6/21		10/6/21	
Start Time	17:54:37		17:56:55		17:59:10		18:01:25	
Diameter Midpoint								
8.2	5972.5		25067.2		29433.7		17609.1	
8.51	5971.33		18551.7		17276.2		7188.96	
8.82	4338.53		13918.9		16709.6		17149.4	
9.14	9074.94		24130.9		15055.9		14919	
9.47	10344.4		11079.2		15807.3		10189.9	
9.82	11340.8		14887.4		24251.7		29918.4	
10.2	11313.1		28475		35408.2		25508.9	
10.6	17616.2		27648.2		40315.7		28562.3	
10.9	26249		39059.5		38548.7		42933.4	
11.3	36855.1		44287.7		52425.5		42104.2	
11.8	55448.5		59960.3		69673.8		60166.7	
12.2	67061.6		75793.5		92281.1		89895	
12.6	98837.1		115540		121845		125181	
13.1	93310.5		133015		171035		141252	
13.6	122813		159758		162996		150831	
14.1	152005		171939		206960		200633	
14.6	191061		213129		241397		216877	
15.1	255276		288458		301114		280593	
15.7	268416		306669		304791		327553	
16.3	285741		354064		350921		371830	
16.8	362735		407653		418575		414999	
17.5	392141		443596		474668		485693	
18.1	443647		497883		516215		552150	
18.8	512754		538819		588707		602497	
19.5	602753		619175		648421		646307	
20.2	655040		651659		692864		684204	
20.9	657399		709062		720494		748751	
21.7	711321		767252		831742		807133	
22.5	751604		818117		874465		918626	
23.3	828410		838778		935762		914104	
24.1	859126		899946		946237		958035	
25	924649		939374		1.01E+06		1.01E+06	
25.9	991578		997235		1.07E+06		1.11E+06	
26.9	988277		1.04E+06		1.13E+06		1.11E+06	
27.9	1.07E+06		1.14E+06		1.13E+06		1.18E+06	
28.9	1.06E+06		1.12E+06		1.19E+06		1.20E+06	
30	1.09E+06		1.13E+06		1.22E+06		1.24E+06	
31.1	1.17E+06		1.17E+06		1.23E+06		1.26E+06	
32.2	1.17E+06		1.19E+06		1.29E+06		1.33E+06	
33.4	1.19E+06		1.25E+06		1.30E+06		1.37E+06	
34.6	1.19E+06		1.27E+06		1.33E+06		1.33E+06	
35.9	1.21E+06		1.26E+06		1.37E+06		1.35E+06	
37.2	1.21E+06		1.29E+06		1.34E+06		1.39E+06	
38.5	1.21E+06		1.28E+06		1.36E+06		1.37E+06	
40	1.23E+06		1.28E+06		1.37E+06		1.38E+06	
41.4	1.25E+06		1.30E+06		1.37E+06		1.41E+06	
42.9	1.25E+06		1.29E+06		1.36E+06		1.41E+06	
44.5	1.25E+06		1.28E+06		1.36E+06		1.43E+06	
46.1	1.26E+06		1.30E+06		1.36E+06		1.37E+06	
47.8	1.21E+06		1.27E+06		1.37E+06		1.37E+06	
49.6	1.23E+06		1.28E+06		1.34E+06		1.34E+06	
51.4	1.23E+06		1.26E+06		1.32E+06		1.36E+06	
53.3	1.19E+06		1.25E+06		1.31E+06		1.35E+06	
55.2	1.19E+06		1.23E+06		1.29E+06		1.35E+06	
57.3	1.13E+06		1.21E+06		1.30E+06		1.31E+06	
59.4	1.17E+06		1.17E+06		1.27E+06		1.26E+06	
61.5	1.14E+06		1.17E+06		1.22E+06		1.28E+06	
63.8	1.11E+06		1.13E+06		1.21E+06		1.21E+06	
66.1	1.08E+06		1.09E+06		1.19E+06		1.20E+06	
68.5	1.07E+06		1.08E+06		1.16E+06		1.15E+06	
71	1.00E+06		1.03E+06		1.11E+06		1.14E+06	
73.7	975013		999868		1.10E+06		1.10E+06	
76.4	959995		955801		1.04E+06		1.06E+06	
79.1	888622		928578		1.02E+06		1.00E+06	
82	859531		890041		951779		988868	
85.1	815208		813792		909998		897131	
88.2	762634		806420		840265		845222	
91.4	729718		739702		793404		778180	
94.7	669750		692864		744212		736380	
98.2	642445		645764		713833		713161	
101.8	573881		609160		663435		635470	
105.5	520765		548100		599146		600502	
109.4	493401		517737		547099		531333	
113.4	451457		478716		500337		519224	
117.6	407432		402259		444531		461853	
121.9	362548		367711		406421		409532	
126.3	349255		341877		365909		365693	
131	298873		297955		339854		332819	
135.8	269427		258170		291662		298207	
140.7	237985		246710		244937		265913	
145.9	201039		214000		221513		223952	
151.2	184900		188689		197534		197141	
156.8	165126		159925		182590		179766	
162.5	141432		143764		153400		155720	
168.5	127018		131737		137977		133798	
174.7	107179		105793		118075		113106	
181.1	88184.5		97551.8		97361.4		99731.7	
187.7	72339.7		75926		81432.3		81004.4	
194.6	63781.5		65821.9		72900.7		72834.2	
201.7	59670.5		48358.9		60686.7		59634	
209.1	43064.3		42071.7		54329.6		50616.5	
216.7	39571.3		38705.8		40981.2		42063.1	
224.7	30663.4		30031.6		37949.8		35425.7	
232.9	25125.2		22069.1		28773.3		29908.6	
241.4	17025.6		21848.3		20945.4		23183.3	
250.3	19224		16513.8		16016.4		18038.1	
259.5	11528.2		12818.1		15106.1		14695.4	
269	10589.1		11856.5		10167.7		9680.81	
278.8	8032.37		8725.79		8158.88		8161.31	
289	6005.46		7574.21		7692.52		7566.8	
299.6	5671.83		5497.58		7914.58		6335.41	
310.6	6130.25		5188.58		5237.41		6397.94	
322	3517.34		4220.55		6312.07		4482.02	
333.8	3566.35		4492.04		4727.51		4738.38	
346	3361.03		3209.89		1305.91		3091.88	
Scan Up Time(s)	120		120		120		120	
Retrace Time(s)	15		15		15		15	
Down Scan First	FALSE		FALSE		FALSE		FALSE	
Scans Per Sample	1		1		1		1	
Impactor Type(cm)	0.071		0.071		0.071		0.071	
Sheath Flow(lpm)	7.99998		7.99998		7.99998		7.99998	
Aerosol Flow(lpm)	0.8		0.8		0.8		0.8	
CPC Inlet Flow(lpm)	0.3		0.3		0.3		0.3	
CPC Sample Flow(lpm)	0.05		0.05		0.05		0.05	
Low Voltage	10.0725		10.0725		10.0725		10.0725	
High Voltage	9959.97		9959.97		9959.97		9959.97	
Lower Size(nm)	8.05842		8.05842		8.05842		8.05842	
Upper Size(nm)	352.269		352.269		352.269		352.269	
Density(g/cc)	1.77		1.77		1.77		1.77	
Title								
Status Flag	Normal Scan		Normal Scan		Normal Scan		Normal Scan	
td(s)	2.84875		2.84875		2.84875		2.84875	
tf(s)	2.82031		2.82031		2.82031		2.82031	
D50(nm)	612.514		612.514		612.514		612.514	
Median(nm)		45.1693		44.6697		44.8387		44.7481
Mean(nm)	54.444		53.8795		54.12		54.0375	
Geo. Mean(nm)	45.8253		45.2231		45.3626		45.3828	
Mode(nm)	46.1384		46.1384		39.9542		44.5079	
Geo. Std. Dev.	1.7913		1.80201		1.80743		1.79952	
Total Concentration(#/cm³)	870014		907109		967535		978266	
Raw Data - Time(s)	Diameter #1	Counts #1	Diameter #2	Counts #2	Diameter #3	Counts #3	Diameter #4	Counts #4
0.1	6.856757	1	6.856757	6	6.856757	3	6.856757	4
0.2	6.876653	0	6.876653	3	6.876653	5	6.876653	5
0.3	6.896675	1	6.896675	3	6.896675	2	6.896675	6
0.4	6.916688	0	6.916688	3	6.916688	3	6.916688	4
0.5	6.936759	0	6.936759	3	6.936759	5	6.936759	4
0.6	6.956821	2	6.956821	5	6.956821	6	6.956821	5
0.7	6.97701	0	6.97701	2	6.97701	4	6.97701	4
0.8	6.997259	1	6.997259	3	6.997259	1	6.997259	4
0.9	7.017635	0	7.017635	4	7.017635	3	7.017635	5
1	7.038002	0	7.038002	4	7.038002	1	7.038002	2
1.1	7.058428	1	7.058428	3	7.058428	4	7.058428	3
1.2	7.078915	0	7.078915	3	7.078915	4	7.078915	4
1.3	7.099391	0	7.099391	3	7.099391	2	7.099391	7
1.4	7.119998	2	7.119998	1	7.119998	2	7.119998	4
1.5	7.140665	1	7.140665	2	7.140665	4	7.140665	9
1.6	7.161392	0	7.161392	4	7.161392	2	7.161392	6
1.7	7.18218	0	7.18218	3	7.18218	4	7.18218	6
1.8	7.2031	0	7.2031	3	7.2031	1	7.2031	2
1.9	7.22401	1	7.22401	1	7.22401	2	7.22401	4
2	7.244981	0	7.244981	1	7.244981	1	7.244981	4
2.1	7.266014	0	7.266014	2	7.266014	4	7.266014	2
2.2	7.287108	0	7.287108	4	7.287108	3	7.287108	2
2.3	7.308193	0	7.308193	3	7.308193	4	7.308193	2
2.4	7.329411	0	7.329411	5	7.329411	2	7.329411	0
2.5	7.350691	0	7.350691	3	7.350691	2	7.350691	4
2.6	7.372034	0	7.372034	3	7.372034	2	7.372034	5
2.7	7.393439	0	7.393439	0	7.393439	3	7.393439	1
2.8	7.414907	0	7.414907	3	7.414907	2	7.414907	2
2.9	7.436511	0	7.436511	4	7.436511	4	7.436511	1
3	7.458105	0	7.458105	3	7.458105	2	7.458105	4
3.1	7.479762	0	7.479762	1	7.479762	3	7.479762	2
3.2	7.501483	0	7.501483	3	7.501483	3	7.501483	2
3.3	7.523267	0	7.523267	6	7.523267	1	7.523267	4
3.4	7.545115	1	7.545115	3	7.545115	2	7.545115	4
3.5	7.567028	0	7.567028	3	7.567028	1	7.567028	3
3.6	7.589004	1	7.589004	3	7.589004	4	7.589004	3
3.7	7.611045	0	7.611045	2	7.611045	3	7.611045	4
3.8	7.633076	0	7.633076	4	7.633076	1	7.633076	1
3.9	7.655246	0	7.655246	3	7.655246	2	7.655246	4
4	7.677482	0	7.677482	2	7.677482	1	7.677482	1
4.1	7.699782	0	7.699782	2	7.699782	2	7.699782	0
4.2	7.722148	1	7.722148	1	7.722148	3	7.722148	1
4.3	7.74458	0	7.74458	1	7.74458	2	7.74458	1
4.4	7.767077	0	7.767077	0	7.767077	3	7.767077	1
4.5	7.78964	0	7.78964	1	7.78964	0	7.78964	1
4.6	7.81227	0	7.81227	2	7.81227	1	7.81227	2
4.7	7.834966	0	7.834966	2	7.834966	1	7.834966	3
4.8	7.857728	0	7.857728	3	7.857728	2	7.857728	3
4.9	7.880557	0	7.880557	2	7.880557	2	7.880557	2
5	7.903454	1	7.903454	1	7.903454	3	7.903454	4
5.1	7.926417	0	7.926417	3	7.926417	2	7.926417	3
5.2	7.949448	0	7.949448	1	7.949448	1	7.949448	2
5.3	7.972546	0	7.972546	1	7.972546	1	7.972546	3
5.4	7.995712	0	7.995712	3	7.995712	2	7.995712	2
5.5	8.018947	0	8.018947	1	8.018947	2	8.018947	1
5.6	8.042249	0	8.042249	2	8.042249	2	8.042249	0
5.7	8.06562	1	8.06562	0	8.06562	4	8.06562	2
5.8	8.089059	2	8.089059	0	8.089059	4	8.089059	1
5.9	8.112567	0	8.112567	3	8.112567	2	8.112567	2
6	8.136144	0	8.136144	1	8.136144	0	8.136144	0
6.1	8.159791	0	8.159791	3	8.159791	2	8.159791	0
6.2	8.183507	1	8.183507	2	8.183507	0	8.183507	1
6.3	8.207292	0	8.207292	0	8.207292	4	8.207292	1
6.4	8.231147	0	8.231147	2	8.231147	1	8.231147	3
6.5	8.255073	1	8.255073	1	8.255073	2	8.255073	1
6.6	8.279068	0	8.279068	2	8.279068	2	8.279068	1
6.7	8.303216	0	8.303216	1	8.303216	1	8.303216	0
6.8	8.327353	0	8.327353	2	8.327353	0	8.327353	0
6.9	8.351561	0	8.351561	1	8.351561	2	8.351561	2
7	8.37584	0	8.37584	1	8.37584	0	8.37584	1
7.1	8.400191	0	8.400191	1	8.400191	1	8.400191	0
7.2	8.424613	0	8.424613	3	8.424613	2	8.424613	2
7.3	8.449107	0	8.449107	1	8.449107	2	8.449107	0
7.4	8.473673	0	8.473673	0	8.473673	1	8.473673	2
7.5	8.498311	2	8.498311	2	8.498311	2	8.498311	0
7.6	8.522937	0	8.522937	0	8.522937	0	8.522937	0
7.7	8.54772	1	8.54772	1	8.54772	1	8.54772	0
7.8	8.572575	0	8.572575	1	8.572575	1	8.572575	0
7.9	8.597504	0	8.597504	1	8.597504	1	8.597504	0
8	8.622506	0	8.622506	1	8.622506	1	8.622506	0
8.1	8.647581	1	8.647581	2	8.647581	0	8.647581	0
8.2	8.67273	1	8.67273	0	8.67273	2	8.67273	1
8.3	8.698038	0	8.698038	0	8.698038	2	8.698038	2
8.4	8.723336	0	8.723336	2	8.723336	2	8.723336	1
8.5	8.748708	0	8.748708	2	8.748708	1	8.748708	0
8.6	8.774154	0	8.774154	0	8.774154	0	8.774154	0
8.7	8.799676	0	8.799676	1	8.799676	1	8.799676	1
8.8	8.825186	0	8.825186	0	8.825186	0	8.825186	3
8.9	8.850857	0	8.850857	0	8.850857	1	8.850857	3
9	8.876604	0	8.876604	2	8.876604	0	8.876604	2
9.1	8.902426	0	8.902426	2	8.902426	1	8.902426	0
9.2	8.928324	1	8.928324	1	8.928324	3	8.928324	0
9.3	8.954387	1	8.954387	0	8.954387	1	8.954387	0
9.4	8.980438	1	8.980438	1	8.980438	0	8.980438	1
9.5	9.006567	0	9.006567	1	9.006567	1	9.006567	0
9.6	9.032772	1	9.032772	1	9.032772	0	9.032772	1
9.7	9.058966	2	9.058966	1	9.058966	1	9.058966	4
9.8	9.085325	0	9.085325	3	9.085325	1	9.085325	0
9.9	9.111761	1	9.111761	0	9.111761	0	9.111761	0
10	9.138276	0	9.138276	3	9.138276	1	9.138276	2
10.1	9.164958	0	9.164958	3	9.164958	3	9.164958	0
10.2	9.191629	0	9.191629	2	9.191629	2	9.191629	2
10.3	9.218379	1	9.218379	1	9.218379	0	9.218379	1
10.4	9.245208	1	9.245208	0	9.245208	0	9.245208	0
10.5	9.272025	0	9.272025	1	9.272025	1	9.272025	1
10.6	9.299011	1	9.299011	3	9.299011	2	9.299011	1
10.7	9.326077	1	9.326077	2	9.326077	1	9.326077	0
10.8	9.353314	0	9.353314	0	9.353314	1	9.353314	0
10.9	9.38054	0	9.38054	0	9.38054	0	9.38054	1
11	9.407846	0	9.407846	0	9.407846	2	9.407846	1
11.1	9.435141	0	9.435141	0	9.435141	2	9.435141	0
11.2	9.462608	1	9.462608	2	9.462608	1	9.462608	1
11.3	9.490155	0	9.490155	0	9.490155	1	9.490155	0
11.4	9.517784	0	9.517784	2	9.517784	1	9.517784	1
11.5	9.545588	1	9.545588	0	9.545588	1	9.545588	1
11.6	9.573381	1	9.573381	2	9.573381	1	9.573381	3
11.7	9.601255	2	9.601255	0	9.601255	1	9.601255	0
11.8	9.629117	3	9.629117	0	9.629117	1	9.629117	0
11.9	9.657156	0	9.657156	3	9.657156	1	9.657156	1
12	9.685371	2	9.685371	1	9.685371	1	9.685371	1
12.1	9.713576	0	9.713576	1	9.713576	3	9.713576	2
12.2	9.741864	1	9.741864	1	9.741864	4	9.741864	0
12.3	9.77014	1	9.77014	2	9.77014	1	9.77014	4
12.4	9.798593	0	9.798593	1	9.798593	3	9.798593	1
12.5	9.827131	1	9.827131	1	9.827131	0	9.827131	2
12.6	9.85585	1	9.85585	1	9.85585	1	9.85585	4
12.7	9.884558	0	9.884558	1	9.884558	1	9.884558	3
12.8	9.913253	0	9.913253	0	9.913253	0	9.913253	3
12.9	9.942129	0	9.942129	0	9.942129	2	9.942129	2
13	9.97109	3	9.97109	1	9.97109	4	9.97109	2
13.1	10.000235	1	10.000235	2	10.000235	1	10.000235	2
13.2	10.029368	1	10.029368	2	10.029368	1	10.029368	3
13.3	10.058489	0	10.058489	3	10.058489	3	10.058489	2
13.4	10.087794	0	10.087794	1	10.087794	2	10.087794	1
13.5	10.117185	2	10.117185	3	10.117185	2	10.117185	1
13.6	10.146762	0	10.146762	3	10.146762	1	10.146762	1
13.7	10.176328	0	10.176328	0	10.176328	2	10.176328	2
13.8	10.205881	0	10.205881	2	10.205881	6	10.205881	3
13.9	10.235621	1	10.235621	1	10.235621	4	10.235621	3
14	10.265548	2	10.265548	1	10.265548	1	10.265548	3
14.1	10.295465	2	10.295465	5	10.295465	0	10.295465	0
14.2	10.325369	0	10.325369	2	10.325369	5	10.325369	1
14.3	10.355461	2	10.355461	2	10.355461	4	10.355461	3
14.4	10.385744	1	10.385744	3	10.385744	4	10.385744	1
14.5	10.416015	0	10.416015	3	10.416015	3	10.416015	2
14.6	10.446376	2	10.446376	3	10.446376	2	10.446376	0
14.7	10.476724	0	10.476724	3	10.476724	5	10.476724	0
14.8	10.507263	1	10.507263	1	10.507263	1	10.507263	1
14.9	10.537996	0	10.537996	0	10.537996	2	10.537996	2
15	10.568718	1	10.568718	4	10.568718	0	10.568718	2
15.1	10.599425	1	10.599425	0	10.599425	3	10.599425	3
15.2	10.630327	1	10.630327	2	10.630327	4	10.630327	2
15.3	10.661425	4	10.661425	2	10.661425	7	10.661425	5
15.4	10.692511	3	10.692511	3	10.692511	4	10.692511	4
15.5	10.723584	1	10.723584	2	10.723584	2	10.723584	2
15.6	10.754852	3	10.754852	2	10.754852	4	10.754852	5
15.7	10.78632	3	10.78632	3	10.78632	4	10.78632	2
15.8	10.81767	3	10.81767	3	10.81767	3	10.81767	2
15.9	10.849217	1	10.849217	4	10.849217	3	10.849217	3
16	10.880963	0	10.880963	4	10.880963	2	10.880963	6
16.1	10.912698	1	10.912698	1	10.912698	2	10.912698	4
16.2	10.944421	1	10.944421	4	10.944421	4	10.944421	4
16.3	10.976342	5	10.976342	3	10.976342	4	10.976342	6
16.4	11.008466	2	11.008466	2	11.008466	4	11.008466	4
16.5	11.040579	4	11.040579	2	11.040579	3	11.040579	1
16.6	11.072677	3	11.072677	2	11.072677	3	11.072677	3
16.7	11.104978	2	11.104978	7	11.104978	3	11.104978	3
16.8	11.137485	0	11.137485	3	11.137485	2	11.137485	3
16.9	11.16987	3	11.16987	3	11.16987	2	11.16987	3
17	11.202459	2	11.202459	5	11.202459	4	11.202459	3
17.1	11.235254	5	11.235254	2	11.235254	4	11.235254	3
17.2	11.268037	1	11.268037	3	11.268037	4	11.268037	7
17.3	11.300807	1	11.300807	2	11.300807	4	11.300807	3
17.4	11.333893	3	11.333893	4	11.333893	5	11.333893	4
17.5	11.366969	8	11.366969	5	11.366969	7	11.366969	5
17.6	11.400032	5	11.400032	4	11.400032	5	11.400032	3
17.7	11.433301	2	11.433301	3	11.433301	3	11.433301	3
17.8	11.466783	3	11.466783	5	11.466783	6	11.466783	4
17.9	11.50014	3	11.50014	4	11.50014	4	11.50014	3
18	11.533706	1	11.533706	3	11.533706	5	11.533706	1
18.1	11.567486	3	11.567486	7	11.567486	3	11.567486	4
18.2	11.601253	5	11.601253	4	11.601253	7	11.601253	6
18.3	11.635006	3	11.635006	5	11.635006	5	11.635006	7
18.4	11.669086	3	11.669086	3	11.669086	10	11.669086	3
18.5	11.703155	8	11.703155	4	11.703155	4	11.703155	5
18.6	11.737209	5	11.737209	3	11.737209	6	11.737209	4
18.7	11.771593	3	11.771593	8	11.771593	5	11.771593	3
18.8	11.805966	4	11.805966	8	11.805966	5	11.805966	5
18.9	11.840324	7	11.840324	6	11.840324	8	11.840324	9
19	11.875014	6	11.875014	4	11.875014	4	11.875014	6
19.1	11.909694	5	11.909694	6	11.909694	5	11.909694	4
19.2	11.944358	5	11.944358	4	11.944358	8	11.944358	8
19.3	11.979358	5	11.979358	7	11.979358	8	11.979358	3
19.4	12.014347	6	12.014347	7	12.014347	7	12.014347	4
19.5	12.049321	4	12.049321	9	12.049321	8	12.049321	9
19.6	12.084633	5	12.084633	6	12.084633	7	12.084633	10
19.7	12.119934	5	12.119934	3	12.119934	13	12.119934	9
19.8	12.15522	6	12.15522	5	12.15522	8	12.15522	4
19.9	12.190848	7	12.190848	4	12.190848	11	12.190848	6
20	12.226464	9	12.226464	10	12.226464	10	12.226464	11
20.1	12.262065	7	12.262065	7	12.262065	6	12.262065	9
20.2	12.298011	8	12.298011	10	12.298011	7	12.298011	9
20.3	12.333826	5	12.333826	7	12.333826	6	12.333826	11
20.4	12.369864	7	12.369864	8	12.369864	6	12.369864	11
20.5	12.406132	4	12.406132	6	12.406132	11	12.406132	6
20.6	12.442266	8	12.442266	11	12.442266	13	12.442266	8
20.7	12.478627	8	12.478627	6	12.478627	14	12.478627	13
20.8	12.515219	8	12.515219	18	12.515219	11	12.515219	11
20.9	12.551675	10	12.551675	10	12.551675	5	12.551675	12
21	12.588483	5	12.588483	7	12.588483	9	12.588483	12
21.1	12.62528	18	12.62528	9	12.62528	11	12.62528	19
21.2	12.662062	6	12.662062	11	12.662062	11	12.662062	14
21.3	12.6992	11	12.6992	7	12.6992	11	12.6992	8
21.4	12.736202	7	12.736202	15	12.736202	11	12.736202	6
21.5	12.773436	12	12.773436	14	12.773436	18	12.773436	13
21.6	12.810906	10	12.810906	12	12.810906	11	12.810906	12
21.7	12.848239	10	12.848239	11	12.848239	11	12.848239	11
21.8	12.885931	6	12.885931	10	12.885931	16	12.885931	17
21.9	12.923612	10	12.923612	11	12.923612	15	12.923612	15
22	12.961278	6	12.961278	9	12.961278	11	12.961278	11
22.1	12.999308	6	12.999308	18	12.999308	15	12.999308	12
22.2	13.037199	8	13.037199	17	13.037199	16	13.037199	15
22.3	13.075454	8	13.075454	11	13.075454	11	13.075454	14
22.4	13.1137	11	13.1137	10	13.1137	17	13.1137	14
22.5	13.151929	6	13.151929	11	13.151929	12	13.151929	10
22.6	13.190528	15	13.190528	11	13.190528	31	13.190528	21
22.7	13.228987	12	13.228987	12	13.228987	14	13.228987	10
22.8	13.267814	14	13.267814	11	13.267814	21	13.267814	16
22.9	13.306632	10	13.306632	18	13.306632	22	13.306632	12
23	13.345433	4	13.345433	21	13.345433	16	13.345433	14
23.1	13.38461	6	13.38461	15	13.38461	15	13.38461	11
23.2	13.423645	13	13.423645	16	13.423645	20	13.423645	19
23.3	13.463053	18	13.463053	13	13.463053	14	13.463053	15
23.4	13.502453	18	13.502453	17	13.502453	18	13.502453	19
23.5	13.541835	13	13.541835	14	13.541835	11	13.541835	8
23.6	13.581599	14	13.581599	18	13.581599	15	13.581599	14
23.7	13.621218	15	13.621218	18	13.621218	10	13.621218	15
23.8	13.661217	9	13.661217	20	13.661217	16	13.661217	18
23.9	13.701074	13	13.701074	12	13.701074	19	13.701074	13
24	13.741179	12	13.741179	20	13.741179	19	13.741179	15
24.1	13.781539	10	13.781539	20	13.781539	19	13.781539	18
24.2	13.821751	11	13.821751	11	13.821751	23	13.821751	19
24.3	13.862351	18	13.862351	14	13.862351	22	13.862351	28
24.4	13.902805	19	13.902805	11	13.902805	18	13.902805	20
24.5	13.943646	18	13.943646	18	13.943646	20	13.943646	11
24.6	13.984342	18	13.984342	19	13.984342	21	13.984342	24
24.7	14.025291	17	14.025291	13	14.025291	21	14.025291	23
24.8	14.066501	14	14.066501	22	14.066501	16	14.066501	22
24.9	14.10756	14	14.10756	21	14.10756	28	14.10756	15
25	14.149015	16	14.149015	12	14.149015	25	14.149015	24
25.1	14.190321	10	14.190321	19	14.190321	15	14.190321	21
25.2	14.232022	12	14.232022	25	14.232022	25	14.232022	24
25.3	14.273576	17	14.273576	24	14.273576	27	14.273576	24
25.4	14.315526	19	14.315526	18	14.315526	25	14.315526	18
25.5	14.357467	19	14.357467	24	14.357467	21	14.357467	24
25.6	14.39939	23	14.39939	19	14.39939	23	14.39939	23
25.7	14.44172	22	14.44172	17	14.44172	34	14.44172	18
25.8	14.483895	21	14.483895	25	14.483895	25	14.483895	28
25.9	14.526477	21	14.526477	18	14.526477	19	14.526477	24
26	14.568906	17	14.568906	28	14.568906	29	14.568906	18
26.1	14.611742	18	14.611742	18	14.611742	32	14.611742	25
26.2	14.654425	23	14.654425	21	14.654425	21	14.654425	25
26.3	14.697516	24	14.697516	25	14.697516	29	14.697516	18
26.4	14.740456	21	14.740456	31	14.740456	29	14.740456	32
26.5	14.783804	20	14.783804	32	14.783804	30	14.783804	25
26.6	14.827144	23	14.827144	23	14.827144	21	14.827144	28
26.7	14.870465	20	14.870465	24	14.870465	32	14.870465	21
26.8	14.914208	24	14.914208	26	14.914208	31	14.914208	32
26.9	14.957789	25	14.957789	24	14.957789	30	14.957789	39
27	15.001793	20	15.001793	31	15.001793	34	15.001793	26
27.1	15.045636	25	15.045636	39	15.045636	39	15.045636	33
27.2	15.089903	30	15.089903	27	15.089903	35	15.089903	34
27.3	15.134009	43	15.134009	27	15.134009	35	15.134009	38
27.4	15.17854	24	15.17854	30	15.17854	37	15.17854	25
27.5	15.222912	32	15.222912	28	15.222912	27	15.222912	41
27.6	15.267709	33	15.267709	43	15.267709	44	15.267709	33
27.7	15.312347	26	15.312347	38	15.312347	34	15.312347	31
27.8	15.357413	39	15.357413	41	15.357413	35	15.357413	26
27.9	15.402319	32	15.402319	45	15.402319	32	15.402319	30
28	15.447654	20	15.447654	32	15.447654	26	15.447654	30
28.1	15.49283	32	15.49283	30	15.49283	36	15.49283	43
28.2	15.538436	33	15.538436	31	15.538436	37	15.538436	32
28.3	15.583884	32	15.583884	39	15.583884	36	15.583884	38
28.4	15.629764	29	15.629764	43	15.629764	32	15.629764	49
28.5	15.675484	36	15.675484	40	15.675484	34	15.675484	35
28.6	15.721639	30	15.721639	28	15.721639	38	15.721639	36
28.7	15.767633	41	15.767633	32	15.767633	39	15.767633	26
28.8	15.814065	29	15.814065	33	15.814065	39	15.814065	49
28.9	15.860336	32	15.860336	35	15.860336	36	15.860336	39
29	15.907046	37	15.907046	52	15.907046	41	15.907046	50
29.1	15.953595	32	15.953595	39	15.953595	39	15.953595	38
29.2	16.000586	25	16.000586	43	16.000586	39	16.000586	45
29.3	16.047414	37	16.047414	35	16.047414	39	16.047414	46
29.4	16.094688	25	16.094688	44	16.094688	46	16.094688	42
29.5	16.141797	38	16.141797	53	16.141797	39	16.141797	46
29.6	16.189355	33	16.189355	39	16.189355	37	16.189355	33
29.7	16.236747	36	16.236747	39	16.236747	44	16.236747	42
29.8	16.28459	36	16.28459	42	16.28459	60	16.28459	45
29.9	16.332267	35	16.332267	47	16.332267	37	16.332267	38
30	16.380399	42	16.380399	42	16.380399	42	16.380399	56
30.1	16.428362	42	16.428362	39	16.428362	34	16.428362	42
30.2	16.476783	32	16.476783	52	16.476783	50	16.476783	54
30.3	16.525035	35	16.525035	45	16.525035	46	16.525035	53
30.4	16.573747	43	16.573747	49	16.573747	52	16.573747	60
30.5	16.622288	48	16.622288	46	16.622288	59	16.622288	54
30.6	16.671295	52	16.671295	52	16.671295	39	16.671295	55
30.7	16.720127	52	16.720127	51	16.720127	54	16.720127	51
30.8	16.769429	52	16.769429	57	16.769429	46	16.769429	53
30.9	16.818555	39	16.818555	53	16.818555	46	16.818555	53
31	16.868154	43	16.868154	53	16.868154	60	16.868154	53
31.1	16.917575	45	16.917575	60	16.917575	62	16.917575	48
31.2	16.967474	32	16.967474	54	16.967474	56	16.967474	47
31.3	17.017191	58	17.017191	56	17.017191	53	17.017191	51
31.4	17.067228	54	17.067228	45	17.067228	56	17.067228	56
31.5	17.117572	39	17.117572	52	17.117572	54	17.117572	63
31.6	17.167746	43	17.167746	46	17.167746	59	17.167746	47
31.7	17.218394	46	17.218394	54	17.218394	56	17.218394	69
31.8	17.268869	56	17.268869	40	17.268869	50	17.268869	56
31.9	17.319824	50	17.319824	68	17.319824	62	17.319824	65
32	17.370602	57	17.370602	50	17.370602	47	17.370602	56
32.1	17.421865	52	17.421865	70	17.421865	64	17.421865	75
32.2	17.472948	47	17.472948	54	17.472948	61	17.472948	65
32.3	17.524522	46	17.524522	61	17.524522	68	17.524522	60
32.4	17.575911	58	17.575911	55	17.575911	80	17.575911	66
32.5	17.627798	60	17.627798	61	17.627798	69	17.627798	54
32.6	17.679665	49	17.679665	58	17.679665	60	17.679665	77
32.7	17.731526	52	17.731526	70	17.731526	69	17.731526	69
32.8	17.783877	53	17.783877	68	17.783877	70	17.783877	65
32.9	17.836049	48	17.836049	61	17.836049	59	17.836049	75
33	17.888718	46	17.888718	72	17.888718	54	17.888718	74
33.1	17.941203	65	17.941203	72	17.941203	75	17.941203	77
33.2	17.994192	52	17.994192	60	17.994192	66	17.994192	72
33.3	18.046993	67	18.046993	55	18.046993	73	18.046993	76
33.4	18.100303	66	18.100303	67	18.100303	61	18.100303	79
33.5	18.153595	53	18.153595	61	18.153595	65	18.153595	65
33.6	18.20688	67	18.20688	81	18.20688	87	18.20688	77
33.7	18.260669	66	18.260669	80	18.260669	76	18.260669	75
33.8	18.314274	55	18.314274	74	18.314274	70	18.314274	86
33.9	18.368391	75	18.368391	76	18.368391	83	18.368391	72
34	18.422317	70	18.422317	65	18.422317	81	18.422317	76
34.1	18.476763	70	18.476763	56	18.476763	78	18.476763	108
34.2	18.531191	82	18.531191	68	18.531191	65	18.531191	75
34.3	18.585613	68	18.585613	93	18.585613	80	18.585613	83
34.4	18.640549	72	18.640549	68	18.640549	89	18.640549	75
34.5	18.695297	67	18.695297	79	18.695297	86	18.695297	88
34.6	18.750568	66	18.750568	68	18.750568	86	18.750568	66
34.7	18.805645	67	18.805645	68	18.805645	92	18.805645	88
34.8	18.861253	85	18.861253	86	18.861253	99	18.861253	99
34.9	18.916842	63	18.916842	91	18.916842	78	18.916842	79
35	18.972425	76	18.972425	75	18.972425	82	18.972425	89
35.1	19.028534	81	19.028534	82	19.028534	91	19.028534	83
35.2	19.084451	80	19.084451	84	19.084451	77	19.084451	101
35.3	19.140903	70	19.140903	73	19.140903	88	19.140903	87
35.4	19.197155	93	19.197155	82	19.197155	98	19.197155	98
35.5	19.253768	81	19.253768	89	19.253768	101	19.253768	90
35.6	19.310729	81	19.310729	95	19.310729	89	19.310729	105
35.7	19.367498	110	19.367498	82	19.367498	96	19.367498	100
35.8	19.424808	76	19.424808	88	19.424808	108	19.424808	86
35.9	19.481918	96	19.481918	97	19.481918	91	19.481918	88
36	19.539393	80	19.539393	90	19.539393	103	19.539393	84
36.1	19.59722	89	19.59722	107	19.59722	85	19.59722	111
36.2	19.654855	83	19.654855	94	19.654855	108	19.654855	92
36.3	19.713037	96	19.713037	89	19.713037	89	19.713037	99
36.4	19.771018	98	19.771018	92	19.771018	86	19.771018	105
36.5	19.829368	98	19.829368	107	19.829368	100	19.829368	89
36.6	19.888077	89	19.888077	100	19.888077	96	19.888077	110
36.7	19.94659	89	19.94659	99	19.94659	98	19.94659	96
36.8	20.00566	103	20.00566	80	20.00566	110	20.00566	90
36.9	20.064524	95	20.064524	102	20.064524	116	20.064524	93
37	20.123765	100	20.123765	96	20.123765	103	20.123765	117
37.1	20.183369	91	20.183369	100	20.183369	114	20.183369	95
37.2	20.242775	108	20.242775	94	20.242775	103	20.242775	118
37.3	20.302746	112	20.302746	93	20.302746	110	20.302746	98
37.4	20.362508	112	20.362508	112	20.362508	101	20.362508	109
37.5	20.422653	98	20.422653	105	20.422653	109	20.422653	128
37.6	20.483168	104	20.483168	102	20.483168	104	20.483168	95
37.7	20.54348	102	20.54348	112	20.54348	110	20.54348	113
37.8	20.604368	81	20.604368	110	20.604368	109	20.604368	118
37.9	20.665239	99	20.665239	96	20.665239	130	20.665239	110
38	20.726105	89	20.726105	109	20.726105	119	20.726105	118
38.1	20.787546	105	20.787546	104	20.787546	127	20.787546	134
38.2	20.848779	105	20.848779	115	20.848779	108	20.848779	115
38.3	20.9104	110	20.9104	111	20.9104	115	20.9104	121
38.4	20.9724	104	20.9724	130	20.9724	99	20.9724	126
38.5	21.034196	101	21.034196	119	21.034196	124	21.034196	110
38.6	21.096578	117	21.096578	122	21.096578	107	21.096578	121
38.7	21.158946	112	21.158946	97	21.158946	129	21.158946	112
38.8	21.221309	119	21.221309	125	21.221309	95	21.221309	118
38.9	21.284261	108	21.284261	110	21.284261	109	21.284261	121
39	21.346999	111	21.346999	119	21.346999	107	21.346999	129
39.1	21.410136	107	21.410136	127	21.410136	139	21.410136	133
39.2	21.473661	111	21.473661	130	21.473661	147	21.473661	125
39.3	21.536977	97	21.536977	123	21.536977	133	21.536977	115
39.4	21.600896	127	21.600896	146	21.600896	146	21.600896	118
39.5	21.664798	106	21.664798	121	21.664798	111	21.664798	129
39.6	21.728697	111	21.728697	124	21.728697	126	21.728697	140
39.7	21.793198	118	21.793198	122	21.793198	133	21.793198	130
39.8	21.857481	122	21.857481	132	21.857481	139	21.857481	139
39.9	21.922174	123	21.922174	134	21.922174	141	21.922174	140
40	21.987265	133	21.987265	114	21.987265	156	21.987265	136
40.1	22.052139	133	22.052139	121	22.052139	156	22.052139	146
40.2	22.117426	120	22.117426	112	22.117426	143	22.117426	169
40.3	22.183112	128	22.183112	137	22.183112	133	22.183112	167
40.4	22.248584	114	22.248584	118	22.248584	150	22.248584	131
40.5	22.314679	123	22.314679	126	22.314679	139	22.314679	130
40.6	22.380758	128	22.380758	145	22.380758	162	22.380758	153
40.7	22.446833	111	22.446833	131	22.446833	157	22.446833	151
40.8	22.513534	109	22.513534	155	22.513534	149	22.513534	167
40.9	22.58022	128	22.58022	135	22.58022	166	22.58022	162
41	22.646903	136	22.646903	141	22.646903	145	22.646903	162
41.1	22.714215	169	22.714215	156	22.714215	119	22.714215	159
41.2	22.7813	131	22.7813	142	22.7813	144	22.7813	147
41.3	22.848813	126	22.848813	158	22.848813	176	22.848813	175
41.4	22.916743	140	22.916743	146	22.916743	137	22.916743	155
41.5	22.984445	153	22.984445	148	22.984445	174	22.984445	143
41.6	23.052579	132	23.052579	161	23.052579	169	23.052579	166
41.7	23.121134	136	23.121134	135	23.121134	152	23.121134	162
41.8	23.18946	140	23.18946	157	23.18946	151	23.18946	148
41.9	23.258222	140	23.258222	142	23.258222	160	23.258222	176
42	23.327406	151	23.327406	163	23.327406	163	23.327406	158
42.1	23.396363	142	23.396363	137	23.396363	152	23.396363	150
42.2	23.465757	149	23.465757	149	23.465757	169	23.465757	182
42.3	23.535579	138	23.535579	136	23.535579	181	23.535579	164
42.4	23.605171	162	23.605171	147	23.605171	181	23.605171	162
42.5	23.675206	158	23.675206	139	23.675206	167	23.675206	157
42.6	23.745671	146	23.745671	156	23.745671	169	23.745671	158
42.7	23.815905	153	23.815905	169	23.815905	165	23.815905	166
42.8	23.886585	148	23.886585	167	23.886585	165	23.886585	161
42.9	23.9577	140	23.9577	169	23.9577	164	23.9577	164
43	24.028582	168	24.028582	152	24.028582	157	24.028582	179
43.1	24.099915	153	24.099915	183	24.099915	173	24.099915	164
43.2	24.171686	153	24.171686	175	24.171686	170	24.171686	190
43.3	24.243223	171	24.243223	149	24.243223	173	24.243223	173
43.4	24.315214	149	24.315214	163	24.315214	179	24.315214	182
43.5	24.387648	149	24.387648	170	24.387648	173	24.387648	172
43.6	24.459845	157	24.459845	143	24.459845	175	24.459845	181
43.7	24.532502	178	24.532502	164	24.532502	190	24.532502	181
43.8	24.605606	166	24.605606	167	24.605606	191	24.605606	194
43.9	24.67847	162	24.67847	162	24.67847	186	24.67847	196
44	24.751798	181	24.751798	170	24.751798	179	24.751798	179
44.1	24.825579	151	24.825579	186	24.825579	159	24.825579	185
44.2	24.89935	176	24.89935	154	24.89935	180	24.89935	193
44.3	24.973122	194	24.973122	175	24.973122	199	24.973122	176
44.4	25.047588	169	25.047588	179	25.047588	179	25.047588	186
44.5	25.122041	164	25.122041	175	25.122041	176	25.122041	213
44.6	25.196495	193	25.196495	166	25.196495	219	25.196495	192
44.7	25.271652	155	25.271652	181	25.271652	205	25.271652	174
44.8	25.346795	158	25.346795	203	25.346795	215	25.346795	208
44.9	25.421936	186	25.421936	172	25.421936	184	25.421936	181
45	25.497552	202	25.497552	201	25.497552	192	25.497552	196
45.1	25.573631	186	25.573631	166	25.573631	207	25.573631	230
45.2	25.649467	201	25.649467	186	25.649467	177	25.649467	216
45.3	25.725783	158	25.725783	189	25.725783	220	25.725783	186
45.4	25.80257	188	25.80257	190	25.80257	213	25.80257	215
45.5	25.879107	193	25.879107	211	25.879107	203	25.879107	222
45.6	25.956132	186	25.956132	193	25.956132	185	25.956132	218
45.7	26.033633	211	26.033633	198	26.033633	184	26.033633	211
45.8	26.111125	192	26.111125	180	26.111125	200	26.111125	209
45.9	26.188618	190	26.188618	202	26.188618	216	26.188618	224
46	26.266842	204	26.266842	183	26.266842	209	26.266842	221
46.1	26.345053	192	26.345053	221	26.345053	231	26.345053	201
46.2	26.423264	199	26.423264	194	26.423264	234	26.423264	218
46.3	26.501968	172	26.501968	223	26.501968	232	26.501968	221
46.4	26.581156	199	26.581156	198	26.581156	224	26.581156	206
46.5	26.66009	209	26.66009	189	26.66009	210	26.66009	210
46.6	26.739526	193	26.739526	210	26.739526	241	26.739526	220
46.7	26.819454	196	26.819454	217	26.819454	245	26.819454	232
46.8	26.899373	195	26.899373	213	26.899373	200	26.899373	211
46.9	26.979295	175	26.979295	212	26.979295	224	26.979295	221
47	27.059718	213	27.059718	200	27.059718	220	27.059718	232
47.1	27.140633	201	27.140633	205	27.140633	228	27.140633	224
47.2	27.221294	173	27.221294	217	27.221294	231	27.221294	229
47.3	27.302467	216	27.302467	200	27.302467	223	27.302467	208
47.4	27.384141	219	27.384141	213	27.384141	215	27.384141	230
47.5	27.465807	219	27.465807	216	27.465807	218	27.465807	233
47.6	27.547478	222	27.547478	234	27.547478	227	27.547478	273
47.7	27.629918	210	27.629918	233	27.629918	241	27.629918	256
47.8	27.712346	180	27.712346	245	27.712346	221	27.712346	215
47.9	27.794774	206	27.794774	237	27.794774	236	27.794774	253
48	27.877723	213	27.877723	226	27.877723	213	27.877723	234
48.1	27.961185	214	27.961185	239	27.961185	217	27.961185	249
48.2	28.04464	236	28.04464	222	28.04464	247	28.04464	224
48.3	28.128101	238	28.128101	220	28.128101	232	28.128101	252
48.4	28.212085	240	28.212085	240	28.212085	264	28.212085	232
48.5	28.296582	231	28.296582	244	28.296582	220	28.296582	233
48.6	28.380817	254	28.380817	269	28.380817	268	28.380817	265
48.7	28.465586	207	28.465586	227	28.465586	234	28.465586	265
48.8	28.55088	230	28.55088	226	28.55088	252	28.55088	252
48.9	28.636166	218	28.636166	261	28.636166	255	28.636166	247
49	28.721457	237	28.721457	232	28.721457	248	28.721457	265
49.1	28.807285	226	28.807285	245	28.807285	242	28.807285	260
49.2	28.89364	205	28.89364	252	28.89364	222	28.89364	259
49.3	28.979992	230	28.979992	224	28.979992	239	28.979992	253
49.4	29.066354	229	29.066354	237	29.066354	268	29.066354	240
49.5	29.153524	238	29.153524	232	29.153524	241	29.153524	251
49.6	29.240685	229	29.240685	243	29.240685	261	29.240685	259
49.7	29.327849	218	29.327849	233	29.327849	278	29.327849	255
49.8	29.415564	243	29.415564	241	29.415564	279	29.415564	253
49.9	29.503822	234	29.503822	267	29.503822	257	29.503822	270
50	29.592075	218	29.592075	246	29.592075	257	29.592075	257
50.1	29.680333	253	29.680333	264	29.680333	275	29.680333	279
50.2	29.769147	236	29.769147	236	29.769147	281	29.769147	271
50.3	29.858508	246	29.858508	257	29.858508	268	29.858508	276
50.4	29.947866	236	29.947866	243	29.947866	251	29.947866	251
50.5	30.037234	236	30.037234	226	30.037234	274	30.037234	280
50.6	30.127162	232	30.127162	230	30.127162	258	30.127162	270
50.7	30.217641	250	30.217641	248	30.217641	260	30.217641	278
50.8	30.308121	239	30.308121	229	30.308121	286	30.308121	281
50.9	30.398612	239	30.398612	268	30.398612	282	30.398612	263
51	30.489669	246	30.489669	276	30.489669	269	30.489669	305
51.1	30.581282	261	30.581282	255	30.581282	284	30.581282	299
51.2	30.672898	269	30.672898	252	30.672898	248	30.672898	292
51.3	30.764528	251	30.764528	259	30.764528	281	30.764528	272
51.4	30.856729	267	30.856729	273	30.856729	287	30.856729	276
51.5	30.949492	252	30.949492	267	30.949492	286	30.949492	306
51.6	31.04226	266	31.04226	293	31.04226	272	31.04226	312
51.7	31.135044	259	31.135044	289	31.135044	276	31.135044	296
51.8	31.228692	262	31.228692	241	31.228692	298	31.228692	257
51.9	31.322334	249	31.322334	276	31.322334	243	31.322334	284
52	31.415981	272	31.415981	250	31.415981	281	31.415981	262
52.1	31.510222	273	31.510222	266	31.510222	293	31.510222	272
52.2	31.605049	285	31.605049	253	31.605049	275	31.605049	283
52.3	31.699871	276	31.699871	267	31.699871	311	31.699871	309
52.4	31.794698	253	31.794698	275	31.794698	312	31.794698	290
52.5	31.890128	260	31.890128	272	31.890128	279	31.890128	306
52.6	31.985856	282	31.985856	272	31.985856	298	31.985856	279
52.7	32.082168	281	32.082168	254	32.082168	301	32.082168	297
52.8	32.178487	296	32.178487	269	32.178487	318	32.178487	307
52.9	32.274825	253	32.274825	296	32.274825	306	32.274825	312
53	32.371762	275	32.371762	273	32.371762	300	32.371762	314
53.1	32.46929	276	32.46929	288	32.46929	272	32.46929	304
53.2	32.566825	254	32.566825	289	32.566825	303	32.566825	350
53.3	32.664379	275	32.664379	274	32.664379	313	32.664379	313
53.4	32.762541	259	32.762541	286	32.762541	289	32.762541	318
53.5	32.861303	311	32.861303	299	32.861303	298	32.861303	304
53.6	32.960072	267	32.960072	304	32.960072	311	32.960072	336
53.7	33.058859	287	33.058859	302	33.058859	302	33.058859	360
53.8	33.158263	260	33.158263	305	33.158263	321	33.158263	309
53.9	33.258276	289	33.258276	297	33.258276	296	33.258276	343
54	33.358296	295	33.358296	302	33.358296	311	33.358296	341
54.1	33.458331	291	33.458331	272	33.458331	295	33.458331	314
54.2	33.558994	317	33.558994	276	33.558994	303	33.558994	309
54.3	33.660278	289	33.660278	313	33.660278	307	33.660278	344
54.4	33.761565	274	33.761565	290	33.761565	330	33.761565	320
54.5	33.862864	296	33.862864	306	33.862864	329	33.862864	313
54.6	33.964804	245	33.964804	327	33.964804	323	33.964804	352
54.7	34.067066	277	34.067066	279	34.067066	325	34.067066	307
54.8	34.169949	295	34.169949	286	34.169949	328	34.169949	350
54.9	34.272845	293	34.272845	307	34.272845	301	34.272845	303
55	34.375765	269	34.375765	292	34.375765	317	34.375765	340
55.1	34.479325	297	34.479325	336	34.479325	294	34.479325	346
55.2	34.58352	289	34.58352	324	34.58352	331	34.58352	296
55.3	34.687724	284	34.687724	292	34.687724	351	34.687724	343
55.4	34.791947	269	34.791947	332	34.791947	307	34.791947	306
55.5	34.896825	301	34.896825	344	34.896825	341	34.896825	324
55.6	35.00235	322	35.00235	312	35.00235	312	35.00235	340
55.7	35.10788	285	35.10788	316	35.10788	345	35.10788	300
55.8	35.213745	328	35.213745	312	35.213745	351	35.213745	367
55.9	35.319637	282	35.319637	306	35.319637	321	35.319637	360
56	35.426187	318	35.426187	314	35.426187	369	35.426187	356
56.1	35.533387	303	35.533387	311	35.533387	330	35.533387	352
56.2	35.640601	281	35.640601	300	35.640601	344	35.640601	325
56.3	35.747837	319	35.747837	325	35.747837	372	35.747837	327
56.4	35.855746	298	35.855746	307	35.855746	349	35.855746	300
56.5	35.964321	302	35.964321	332	35.964321	378	35.964321	346
56.6	36.072903	314	36.072903	334	36.072903	376	36.072903	325
56.7	36.18183	346	36.18183	337	36.18183	337	36.18183	377
56.8	36.290787	282	36.290787	328	36.290787	327	36.290787	345
56.9	36.400421	312	36.400421	317	36.400421	312	36.400421	336
57	36.510726	307	36.510726	327	36.510726	336	36.510726	353
57.1	36.621045	278	36.621045	325	36.621045	331	36.621045	332
57.2	36.731387	300	36.731387	343	36.731387	368	36.731387	360
57.3	36.842423	298	36.842423	326	36.842423	329	36.842423	334
57.4	36.953813	322	36.953813	335	36.953813	336	36.953813	336
57.5	37.065881	339	37.065881	336	37.065881	342	37.065881	345
57.6	37.177968	296	37.177968	319	37.177968	351	37.177968	332
57.7	37.290084	336	37.290084	322	37.290084	343	37.290084	372
57.8	37.402901	297	37.402901	359	37.402901	337	37.402901	393
57.9	37.516415	328	37.516415	333	37.516415	341	37.516415	376
58	37.629939	335	37.629939	319	37.629939	361	37.629939	386
58.1	37.743826	316	37.743826	335	37.743826	357	37.743826	383
58.2	37.857746	305	37.857746	354	37.857746	367	37.857746	374
58.3	37.972376	327	37.972376	332	37.972376	352	37.972376	332
58.4	38.08771	311	38.08771	350	38.08771	354	38.08771	366
58.5	38.20306	328	38.20306	361	38.20306	354	38.20306	366
58.6	38.318778	322	38.318778	343	38.318778	390	38.318778	337
58.7	38.434534	333	38.434534	344	38.434534	340	38.434534	360
58.8	38.551008	318	38.551008	335	38.551008	361	38.551008	361
58.9	38.668197	343	38.668197	312	38.668197	344	38.668197	371
59	38.785404	325	38.785404	343	38.785404	369	38.785404	372
59.1	38.902987	331	38.902987	320	38.902987	361	38.902987	394
59.2	39.02061	310	39.02061	352	39.02061	380	39.02061	370
59.3	39.138962	310	39.138962	352	39.138962	403	39.138962	384
59.4	39.258039	333	39.258039	346	39.258039	366	39.258039	381
59.5	39.377137	344	39.377137	363	39.377137	372	39.377137	361
59.6	39.496617	336	39.496617	322	39.496617	354	39.496617	378
59.7	39.61614	330	39.61614	360	39.61614	356	39.61614	376
59.8	39.736403	335	39.736403	333	39.736403	376	39.736403	363
59.9	39.857404	349	39.857404	358	39.857404	384	39.857404	383
60	39.978427	329	39.978427	352	39.978427	363	39.978427	390
60.1	40.099839	322	40.099839	358	40.099839	384	40.099839	389
60.2	40.221294	325	40.221294	355	40.221294	418	40.221294	381
60.3	40.343503	307	40.343503	362	40.343503	366	40.343503	368
60.4	40.466463	361	40.466463	365	40.466463	355	40.466463	367
60.5	40.589445	343	40.589445	310	40.589445	385	40.589445	378
60.6	40.712824	342	40.712824	359	40.712824	384	40.712824	397
60.7	40.836245	363	40.836245	335	40.836245	392	40.836245	406
60.8	40.960435	334	40.960435	359	40.960435	365	40.960435	383
60.9	41.085391	356	41.085391	374	41.085391	410	41.085391	402
61	41.210368	344	41.210368	364	41.210368	398	41.210368	388
61.1	41.335749	345	41.335749	361	41.335749	357	41.335749	366
61.2	41.461171	316	41.461171	382	41.461171	403	41.461171	365
61.3	41.587377	330	41.587377	341	41.587377	367	41.587377	412
61.4	41.713991	353	41.713991	384	41.713991	372	41.713991	397
61.5	41.841375	414	41.841375	385	41.841375	399	41.841375	440
61.6	41.968794	351	41.968794	365	41.968794	405	41.968794	394
61.7	42.096251	370	42.096251	354	42.096251	364	42.096251	403
61.8	42.224511	355	42.224511	373	42.224511	365	42.224511	403
61.9	42.353186	344	42.353186	381	42.353186	394	42.353186	412
62	42.48265	369	42.48265	346	42.48265	383	42.48265	380
62.1	42.612144	364	42.612144	374	42.612144	386	42.612144	395
62.2	42.742058	352	42.742058	373	42.742058	393	42.742058	389
62.3	42.872023	361	42.872023	364	42.872023	397	42.872023	402
62.4	43.002796	355	43.002796	362	43.002796	420	43.002796	415
62.5	43.133994	360	43.133994	401	43.133994	369	43.133994	410
62.6	43.265986	362	43.265986	344	43.265986	396	43.265986	417
62.7	43.398021	356	43.398021	372	43.398021	371	43.398021	432
62.8	43.530101	334	43.530101	352	43.530101	405	43.530101	393
62.9	43.663011	393	43.663011	393	43.663011	381	43.663011	395
63	43.796353	336	43.796353	379	43.796353	426	43.796353	446
63.1	43.930513	371	43.930513	389	43.930513	413	43.930513	423
63.2	44.064708	368	44.064708	380	44.064708	373	44.064708	440
63.3	44.19934	356	44.19934	370	44.19934	397	44.19934	427
63.4	44.334026	387	44.334026	349	44.334026	398	44.334026	391
63.5	44.469553	367	44.469553	395	44.469553	404	44.469553	402
63.6	44.60552	397	44.60552	397	44.60552	427	44.60552	430
63.7	44.742316	348	44.742316	356	44.742316	418	44.742316	393
63.8	44.879155	381	44.879155	396	44.879155	397	44.879155	435
63.9	45.016442	370	45.016442	377	45.016442	403	45.016442	412
64	45.153791	390	45.153791	392	45.153791	388	45.153791	450
64.1	45.291991	357	45.291991	369	45.291991	398	45.291991	416
64.2	45.430643	401	45.430643	397	45.430643	416	45.430643	434
64.3	45.570134	379	45.570134	388	45.570134	389	45.570134	417
64.4	45.709677	407	45.709677	393	45.709677	410	45.709677	407
64.5	45.849677	364	45.849677	384	45.849677	399	45.849677	395
64.6	45.989746	409	45.989746	425	45.989746	422	45.989746	408
64.7	46.13068	376	46.13068	403	46.13068	423	46.13068	410
64.8	46.272076	349	46.272076	399	46.272076	421	46.272076	420
64.9	46.414325	375	46.414325	362	46.414325	410	46.414325	410
65	46.556632	369	46.556632	385	46.556632	393	46.556632	392
65.1	46.699406	376	46.699406	390	46.699406	409	46.699406	416
65.2	46.842255	391	46.842255	387	46.842255	430	46.842255	417
65.3	46.985984	372	46.985984	408	46.985984	395	46.985984	440
65.4	47.130184	348	47.130184	393	47.130184	415	47.130184	428
65.5	47.275256	389	47.275256	378	47.275256	419	47.275256	434
65.6	47.420389	388	47.420389	394	47.420389	426	47.420389	424
65.7	47.565999	349	47.565999	389	47.565999	421	47.565999	428
65.8	47.711687	385	47.711687	401	47.711687	419	47.711687	437
65.9	47.858274	398	47.858274	399	47.858274	405	47.858274	431
66	48.005343	357	48.005343	383	48.005343	431	48.005343	413
66.1	48.153302	368	48.153302	408	48.153302	416	48.153302	388
66.2	48.301324	355	48.301324	403	48.301324	436	48.301324	417
66.3	48.449835	375	48.449835	394	48.449835	446	48.449835	437
66.4	48.598424	391	48.598424	390	48.598424	431	48.598424	405
66.5	48.747934	392	48.747934	416	48.747934	417	48.747934	459
66.6	48.897936	368	48.897936	442	48.897936	452	48.897936	415
66.7	49.04885	397	49.04885	395	49.04885	413	49.04885	406
66.8	49.199827	395	49.199827	398	49.199827	424	49.199827	452
66.9	49.351304	405	49.351304	415	49.351304	430	49.351304	430
67	49.502859	385	49.502859	404	49.502859	443	49.502859	435
67.1	49.655357	378	49.655357	431	49.655357	465	49.655357	452
67.2	49.808359	392	49.808359	380	49.808359	410	49.808359	433
67.3	49.962298	392	49.962298	399	49.962298	427	49.962298	398
67.4	50.116297	372	50.116297	396	50.116297	406	50.116297	395
67.5	50.270807	399	50.270807	398	50.270807	391	50.270807	402
67.6	50.42583	397	50.42583	385	50.42583	422	50.42583	434
67.7	50.580947	392	50.580947	388	50.580947	427	50.580947	433
67.8	50.737018	385	50.737018	367	50.737018	442	50.737018	444
67.9	50.893607	408	50.893607	396	50.893607	418	50.893607	471
68	51.051144	412	51.051144	404	51.051144	394	51.051144	449
68.1	51.208757	401	51.208757	415	51.208757	436	51.208757	425
68.2	51.366894	408	51.366894	433	51.366894	442	51.366894	434
68.3	51.525121	373	51.525121	416	51.525121	401	51.525121	426
68.4	51.684331	390	51.684331	409	51.684331	427	51.684331	448
68.5	51.84407	402	51.84407	407	51.84407	449	51.84407	455
68.6	52.004789	423	52.004789	411	52.004789	419	52.004789	426
68.7	52.165576	388	52.165576	427	52.165576	431	52.165576	444
68.8	52.3269	381	52.3269	420	52.3269	441	52.3269	414
68.9	52.488762	378	52.488762	403	52.488762	441	52.488762	441
69	52.650725	399	52.650725	399	52.650725	441	52.650725	437
69.1	52.813688	367	52.813688	395	52.813688	468	52.813688	437
69.2	52.977196	375	52.977196	424	52.977196	409	52.977196	449
69.3	53.1417	421	53.1417	414	53.1417	422	53.1417	457
69.4	53.306284	375	53.306284	412	53.306284	425	53.306284	441
69.5	53.471418	405	53.471418	409	53.471418	445	53.471418	426
69.6	53.637106	417	53.637106	440	53.637106	449	53.637106	426
69.7	53.802904	393	53.802904	420	53.802904	406	53.802904	477
69.8	53.969722	378	53.969722	413	53.969722	426	53.969722	452
69.9	54.1371	389	54.1371	416	54.1371	428	54.1371	466
70	54.305496	399	54.305496	396	54.305496	427	54.305496	439
70.1	54.473979	401	54.473979	397	54.473979	429	54.473979	459
70.2	54.643028	434	54.643028	419	54.643028	430	54.643028	420
70.3	54.812645	428	54.812645	414	54.812645	437	54.812645	470
70.4	54.982379	426	54.982379	426	54.982379	437	54.982379	453
70.5	55.153158	400	55.153158	433	55.153158	444	55.153158	444
70.6	55.324511	357	55.324511	423	55.324511	449	55.324511	465
70.7	55.496909	410	55.496909	435	55.496909	450	55.496909	426
70.8	55.669397	376	55.669397	403	55.669397	418	55.669397	471
70.9	55.842467	404	55.842467	406	55.842467	411	55.842467	439
71	56.016122	368	56.016122	409	56.016122	435	56.016122	489
71.1	56.189897	394	56.189897	394	56.189897	445	56.189897	455
71.2	56.364745	377	56.364745	391	56.364745	427	56.364745	429
71.3	56.540183	391	56.540183	394	56.540183	458	56.540183	415
71.4	56.716213	403	56.716213	415	56.716213	459	56.716213	431
71.5	56.893299	354	56.893299	394	56.893299	460	56.893299	429
71.6	57.070501	364	57.070501	419	57.070501	439	57.070501	493
71.7	57.248304	420	57.248304	444	57.248304	445	57.248304	454
71.8	57.426228	400	57.426228	440	57.426228	449	57.426228	457
71.9	57.605257	390	57.605257	407	57.605257	433	57.605257	475
72	57.784893	392	57.784893	409	57.784893	448	57.784893	432
72.1	57.965137	385	57.965137	428	57.965137	436	57.965137	414
72.2	58.146471	397	58.146471	430	58.146471	440	58.146471	459
72.3	58.32792	392	58.32792	399	58.32792	435	58.32792	489
72.4	58.509985	422	58.509985	417	58.509985	464	58.509985	458
72.5	58.692669	392	58.692669	409	58.692669	461	58.692669	401
72.6	58.875496	404	58.875496	420	58.875496	454	58.875496	419
72.7	59.059445	422	59.059445	394	59.059445	461	59.059445	445
72.8	59.244021	414	59.244021	416	59.244021	466	59.244021	471
72.9	59.429224	390	59.429224	400	59.429224	398	59.429224	445
73	59.615538	402	59.615538	430	59.615538	423	59.615538	455
73.1	59.801985	426	59.801985	405	59.801985	434	59.801985	435
73.2	59.989069	425	59.989069	398	59.989069	455	59.989069	433
73.3	60.176288	422	60.176288	415	60.176288	424	60.176288	444
73.4	60.364672	384	60.364672	416	60.364672	435	60.364672	407
73.5	60.5537	403	60.5537	411	60.5537	438	60.5537	472
73.6	60.743374	415	60.743374	388	60.743374	439	60.743374	460
73.7	60.934203	386	60.934203	396	60.934203	462	60.934203	467
73.8	61.125154	392	61.125154	423	61.125154	432	61.125154	459
73.9	61.316761	404	61.316761	402	61.316761	456	61.316761	454
74	61.509023	390	61.509023	430	61.509023	407	61.509023	426
74.1	61.701434	412	61.701434	408	61.701434	449	61.701434	448
74.2	61.89504	399	61.89504	437	61.89504	427	61.89504	476
74.3	62.08931	408	62.08931	437	62.08931	411	62.08931	439
74.4	62.284247	433	62.284247	394	62.284247	464	62.284247	459
74.5	62.48037	429	62.48037	464	62.48037	428	62.48037	426
74.6	62.676626	429	62.676626	426	62.676626	425	62.676626	498
74.7	62.873558	393	62.873558	435	62.873558	439	62.873558	444
74.8	63.071168	394	63.071168	428	63.071168	455	63.071168	444
74.9	63.268935	412	63.268935	380	63.268935	478	63.268935	443
75	63.467932	419	63.467932	438	63.467932	441	63.467932	450
75.1	63.667614	383	63.667614	401	63.667614	461	63.667614	422
75.2	63.867985	397	63.867985	422	63.867985	434	63.867985	441
75.3	64.069047	402	64.069047	412	64.069047	434	64.069047	436
75.4	64.271314	394	64.271314	392	64.271314	428	64.271314	428
75.5	64.473745	431	64.473745	415	64.473745	415	64.473745	448
75.6	64.676877	394	64.676877	401	64.676877	405	64.676877	418
75.7	64.880712	418	64.880712	421	64.880712	434	64.880712	439
75.8	65.084733	429	65.084733	392	65.084733	494	65.084733	469
75.9	65.290005	443	65.290005	420	65.290005	421	65.290005	429
76	65.495988	397	65.495988	409	65.495988	419	65.495988	456
76.1	65.702685	360	65.702685	370	65.702685	439	65.702685	436
76.2	65.910631	370	65.910631	384	65.910631	444	65.910631	422
76.3	66.118742	433	66.118742	391	66.118742	455	66.118742	461
76.4	66.327577	397	66.327577	436	66.327577	418	66.327577	466
76.5	66.537139	385	66.537139	419	66.537139	468	66.537139	427
76.6	66.746885	409	66.746885	419	66.746885	433	66.746885	423
76.7	66.957931	397	66.957931	400	66.957931	416	66.957931	463
76.8	67.169712	395	67.169712	394	67.169712	449	67.169712	452
76.9	67.382231	404	67.382231	435	67.382231	443	67.382231	466
77	67.59549	392	67.59549	410	67.59549	469	67.59549	460
77.1	67.810029	398	67.810029	435	67.810029	444	67.810029	426
77.2	68.024756	409	68.024756	408	68.024756	450	68.024756	409
77.3	68.240234	397	68.240234	386	68.240234	413	68.240234	403
77.4	68.456465	409	68.456465	373	68.456465	419	68.456465	455
77.5	68.672901	405	68.672901	405	68.672901	394	68.672901	436
77.6	68.890673	427	68.890673	422	68.890673	417	68.890673	433
77.7	69.109207	397	69.109207	445	69.109207	482	69.109207	421
77.8	69.328506	405	69.328506	389	69.328506	433	69.328506	426
77.9	69.548574	397	69.548574	383	69.548574	448	69.548574	462
78	69.769961	383	69.769961	426	69.769961	419	69.769961	421
78.1	69.991553	412	69.991553	376	69.991553	438	69.991553	431
78.2	70.213924	380	70.213924	392	70.213924	381	70.213924	432
78.3	70.437077	376	70.437077	422	70.437077	466	70.437077	419
78.4	70.660449	374	70.660449	406	70.660449	417	70.660449	417
78.5	70.8852	390	70.8852	390	70.8852	432	70.8852	411
78.6	71.110743	404	71.110743	400	71.110743	411	71.110743	454
78.7	71.33708	394	71.33708	419	71.33708	450	71.33708	425
78.8	71.564216	362	71.564216	355	71.564216	412	71.564216	450
78.9	71.792717	397	71.792717	409	71.792717	421	71.792717	462
79	72.021434	374	72.021434	403	72.021434	436	72.021434	454
79.1	72.250959	366	72.250959	380	72.250959	421	72.250959	432
79.2	72.481298	375	72.481298	387	72.481298	452	72.481298	456
79.3	72.712451	363	72.712451	390	72.712451	447	72.712451	420
79.4	72.94386	391	72.94386	409	72.94386	440	72.94386	462
79.5	73.176679	407	73.176679	373	73.176679	419	73.176679	432
79.6	73.410324	377	73.410324	383	73.410324	396	73.410324	425
79.7	73.644797	356	73.644797	415	73.644797	445	73.644797	441
79.8	73.880692	405	73.880692	365	73.880692	435	73.880692	419
79.9	74.116808	376	74.116808	393	74.116808	410	74.116808	426
80	74.353763	400	74.353763	366	74.353763	430	74.353763	387
80.1	74.591562	352	74.591562	403	74.591562	408	74.591562	413
80.2	74.830208	370	74.830208	395	74.830208	433	74.830208	429
80.3	75.06911	375	75.06911	385	75.06911	402	75.06911	427
80.4	75.309487	411	75.309487	365	75.309487	410	75.309487	438
80.5	75.55072	380	75.55072	390	75.55072	373	75.55072	388
80.6	75.792815	368	75.792815	390	75.792815	393	75.792815	433
80.7	76.035773	349	76.035773	372	76.035773	419	76.035773	391
80.8	76.2802	371	76.2802	375	76.2802	405	76.2802	392
80.9	76.524872	371	76.524872	390	76.524872	439	76.524872	427
81	76.770421	385	76.770421	372	76.770421	407	76.770421	410
81.1	77.01685	397	77.01685	396	77.01685	419	77.01685	434
81.2	77.264163	356	77.264163	366	77.264163	439	77.264163	419
81.3	77.511755	403	77.511755	372	77.511755	395	77.511755	434
81.4	77.760874	375	77.760874	354	77.760874	413	77.760874	423
81.5	78.010886	359	78.010886	394	78.010886	402	78.010886	415
81.6	78.261797	381	78.261797	397	78.261797	413	78.261797	410
81.7	78.51361	330	78.51361	390	78.51361	429	78.51361	428
81.8	78.766948	347	78.766948	368	78.766948	392	78.766948	382
81.9	79.02055	363	79.02055	368	79.02055	404	79.02055	383
82	79.275067	360	79.275067	346	79.275067	398	79.275067	405
82.1	79.530502	366	79.530502	372	79.530502	438	79.530502	398
82.2	79.78686	369	79.78686	383	79.78686	404	79.78686	393
82.3	80.044145	355	80.044145	343	80.044145	423	80.044145	363
82.4	80.301755	340	80.301755	383	80.301755	384	80.301755	411
82.5	80.560931	340	80.560931	347	80.560931	404	80.560931	411
82.6	80.821045	341	80.821045	340	80.821045	410	80.821045	396
82.7	81.082101	368	81.082101	357	81.082101	387	81.082101	422
82.8	81.344103	342	81.344103	369	81.344103	385	81.344103	430
82.9	81.607677	352	81.607677	344	81.607677	367	81.607677	405
83	81.871556	347	81.871556	364	81.871556	378	81.871556	379
83.1	82.136395	366	82.136395	368	82.136395	412	82.136395	392
83.2	82.402198	335	82.402198	349	82.402198	346	82.402198	397
83.3	82.668968	371	82.668968	352	82.668968	395	82.668968	421
83.4	82.936069	337	82.936069	360	82.936069	360	82.936069	409
83.5	83.204815	347	83.204815	382	83.204815	399	83.204815	370
83.6	83.474541	330	83.474541	397	83.474541	416	83.474541	407
83.7	83.74525	350	83.74525	314	83.74525	368	83.74525	339
83.8	84.016948	336	84.016948	335	84.016948	358	84.016948	389
83.9	84.289638	361	84.289638	337	84.289638	366	84.289638	372
84	84.56396	335	84.56396	354	84.56396	380	84.56396	333
84.1	84.838621	342	84.838621	342	84.838621	389	84.838621	373
84.2	85.114289	344	85.114289	332	85.114289	395	85.114289	357
84.3	85.390968	326	85.390968	338	85.390968	384	85.390968	366
84.4	85.668662	332	85.668662	334	85.668662	363	85.668662	389
84.5	85.947377	330	85.947377	332	85.947377	375	85.947377	399
84.6	86.226484	330	86.226484	325	86.226484	380	86.226484	381
84.7	86.50728	310	86.50728	333	86.50728	371	86.50728	360
84.8	86.789109	332	86.789109	349	86.789109	344	86.789109	362
84.9	87.071975	332	87.071975	372	87.071975	353	87.071975	383
85	87.355883	328	87.355883	336	87.355883	361	87.355883	334
85.1	87.6415	335	87.6415	347	87.6415	374	87.6415	351
85.2	87.927477	303	87.927477	318	87.927477	352	87.927477	370
85.3	88.214512	337	88.214512	345	88.214512	367	88.214512	359
85.4	88.502608	322	88.502608	332	88.502608	322	88.502608	321
85.5	88.791771	296	88.791771	341	88.791771	358	88.791771	300
85.6	89.082006	283	89.082006	331	89.082006	344	89.082006	363
85.7	89.37265	329	89.37265	323	89.37265	337	89.37265	371
85.8	89.66507	308	89.66507	313	89.66507	336	89.66507	367
85.9	89.958575	279	89.958575	291	89.958575	327	89.958575	314
86	90.25317	306	90.25317	328	90.25317	314	90.25317	313
86.1	90.548858	333	90.548858	329	90.548858	378	90.548858	350
86.2	90.845647	299	90.845647	286	90.845647	331	90.845647	334
86.3	91.144214	304	91.144214	330	91.144214	320	91.144214	374
86.4	91.443187	338	91.443187	309	91.443187	317	91.443187	309
86.5	91.743275	316	91.743275	305	91.743275	370	91.743275	328
86.6	92.044484	304	92.044484	315	92.044484	342	92.044484	321
86.7	92.346819	319	92.346819	291	92.346819	336	92.346819	313
86.8	92.650285	301	92.650285	304	92.650285	316	92.650285	334
86.9	92.954201	289	92.954201	333	92.954201	319	92.954201	317
87	93.259974	269	93.259974	321	93.259974	358	93.259974	322
87.1	93.566892	298	93.566892	287	93.566892	300	93.566892	331
87.2	93.87496	276	93.87496	299	93.87496	315	93.87496	310
87.3	94.184184	275	94.184184	278	94.184184	302	94.184184	314
87.4	94.494568	300	94.494568	278	94.494568	327	94.494568	316
87.5	94.806821	303	94.806821	301	94.806821	326	94.806821	314
87.6	95.119512	294	95.119512	291	95.119512	331	95.119512	313
87.7	95.433382	278	95.433382	318	95.433382	282	95.433382	282
87.8	95.748436	263	95.748436	289	95.748436	313	95.748436	314
87.9	96.064678	282	96.064678	310	96.064678	298	96.064678	338
88	96.382115	293	96.382115	283	96.382115	351	96.382115	297
88.1	96.700752	290	96.700752	294	96.700752	307	96.700752	320
88.2	97.019904	308	97.019904	279	97.019904	331	97.019904	324
88.3	97.340987	270	97.340987	303	97.340987	311	97.340987	337
88.4	97.663286	286	97.663286	273	97.663286	314	97.663286	300
88.5	97.986806	263	97.986806	290	97.986806	318	97.986806	323
88.6	98.311553	269	98.311553	267	98.311553	289	98.311553	300
88.7	98.637532	268	98.637532	298	98.637532	298	98.637532	300
88.8	98.965465	250	98.965465	271	98.965465	319	98.965465	318
88.9	99.293895	285	99.293895	278	99.293895	283	99.293895	286
89	99.623575	266	99.623575	258	99.623575	272	99.623575	272
89.1	99.954513	289	99.954513	250	99.954513	336	99.954513	303
89.2	100.286712	274	100.286712	271	100.286712	306	100.286712	272
89.3	100.620181	253	100.620181	292	100.620181	287	100.620181	275
89.4	100.954923	246	100.954923	235	100.954923	299	100.954923	281
89.5	101.290231	246	101.290231	267	101.290231	283	101.290231	300
89.6	101.627572	246	101.627572	247	101.627572	312	101.627572	286
89.7	101.966203	267	101.966203	264	101.966203	275	101.966203	280
89.8	102.306132	253	102.306132	252	102.306132	296	102.306132	237
89.9	102.647364	257	102.647364	285	102.647364	267	102.647364	256
90	102.989905	224	102.989905	271	102.989905	289	102.989905	294
90.1	103.333761	246	103.333761	281	103.333761	289	103.333761	283
90.2	103.679659	234	103.679659	247	103.679659	270	103.679659	273
90.3	104.026134	268	104.026134	227	104.026134	284	104.026134	277
90.4	104.373944	242	104.373944	229	104.373944	279	104.373944	267
90.5	104.723096	218	104.723096	227	104.723096	282	104.723096	272
90.6	105.073597	240	105.073597	255	105.073597	256	105.073597	259
90.7	105.425452	231	105.425452	228	105.425452	256	105.425452	259
90.8	105.778668	227	105.778668	250	105.778668	247	105.778668	256
90.9	106.132522	230	106.132522	234	106.132522	259	106.132522	271
91	106.488512	179	106.488512	245	106.488512	267	106.488512	259
91.1	106.84588	229	106.84588	243	106.84588	256	106.84588	258
91.2	107.204635	222	107.204635	263	107.204635	260	107.204635	270
91.3	107.564781	229	107.564781	248	107.564781	241	107.564781	247
91.4	107.926327	237	107.926327	250	107.926327	242	107.926327	249
91.5	108.289278	228	108.289278	221	108.289278	246	108.289278	236
91.6	108.654385	224	108.654385	239	108.654385	275	108.654385	257
91.7	109.020135	210	109.020135	233	109.020135	246	109.020135	230
91.8	109.387313	217	109.387313	229	109.387313	236	109.387313	230
91.9	109.755924	213	109.755924	204	109.755924	236	109.755924	254
92	110.125977	229	110.125977	224	110.125977	239	110.125977	242
92.1	110.497478	202	110.497478	222	110.497478	252	110.497478	201
92.2	110.870434	209	110.870434	236	110.870434	249	110.870434	226
92.3	111.244085	222	111.244085	232	111.244085	212	111.244085	229
92.4	111.620006	207	111.620006	234	111.620006	230	111.620006	236
92.5	111.997401	236	111.997401	200	111.997401	226	111.997401	237
92.6	112.376278	190	112.376278	222	112.376278	250	112.376278	248
92.7	112.756645	212	112.756645	253	112.756645	200	112.756645	245
92.8	113.138507	199	113.138507	210	113.138507	200	113.138507	224
92.9	113.521873	203	113.521873	223	113.521873	212	113.521873	247
93	113.90675	204	113.90675	208	113.90675	239	113.90675	217
93.1	114.293907	193	114.293907	210	114.293907	230	114.293907	229
93.2	114.681794	195	114.681794	185	114.681794	220	114.681794	251
93.3	115.071216	185	115.071216	202	115.071216	235	115.071216	202
93.4	115.46218	195	115.46218	212	115.46218	218	115.46218	215
93.5	115.854693	194	115.854693	203	115.854693	203	115.854693	229
93.6	116.248764	186	116.248764	182	116.248764	209	116.248764	230
93.7	116.644399	186	116.644399	165	116.644399	201	116.644399	195
93.8	117.040808	192	117.040808	185	117.040808	198	117.040808	202
93.9	117.439631	194	117.439631	187	117.439631	211	117.439631	222
94	117.84004	165	117.84004	200	117.84004	188	117.84004	225
94.1	118.242044	177	118.242044	169	118.242044	210	118.242044	208
94.2	118.645649	184	118.645649	173	118.645649	187	118.645649	179
94.3	119.050865	203	119.050865	181	119.050865	183	119.050865	204
94.4	119.457698	166	119.457698	182	119.457698	211	119.457698	195
94.5	119.866158	170	119.866158	163	119.866158	208	119.866158	201
94.6	120.277061	159	120.277061	182	120.277061	193	120.277061	199
94.7	120.68876	171	120.68876	160	120.68876	194	120.68876	183
94.8	121.102111	169	121.102111	162	121.102111	183	121.102111	183
94.9	121.517123	181	121.517123	153	121.517123	188	121.517123	196
95	121.933802	160	121.933802	160	121.933802	189	121.933802	183
95.1	122.352158	148	122.352158	187	122.352158	167	122.352158	173
95.2	122.772198	159	122.772198	169	122.772198	176	122.772198	174
95.3	123.193932	169	123.193932	163	123.193932	208	123.193932	166
95.4	123.616539	162	123.616539	168	123.616539	175	123.616539	193
95.5	124.041721	167	124.041721	167	124.041721	166	124.041721	204
95.6	124.46862	155	124.46862	166	124.46862	160	124.46862	181
95.7	124.897245	159	124.897245	180	124.897245	172	124.897245	168
95.8	125.327604	177	125.327604	161	125.327604	192	125.327604	162
95.9	125.759706	163	125.759706	169	125.759706	179	125.759706	184
96	126.19356	160	126.19356	153	126.19356	195	126.19356	187
96.1	126.629174	184	126.629174	157	126.629174	158	126.629174	153
96.2	127.066558	179	127.066558	158	127.066558	145	127.066558	146
96.3	127.506541	149	127.506541	142	127.506541	159	127.506541	167
96.4	127.947454	150	127.947454	146	127.947454	156	127.947454	166
96.5	128.390165	132	128.390165	132	128.390165	167	128.390165	157
96.6	128.834684	137	128.834684	155	128.834684	146	128.834684	170
96.7	129.281018	144	129.281018	119	129.281018	169	129.281018	165
96.8	129.729178	158	129.729178	152	129.729178	147	129.729178	146
96.9	130.179173	148	130.179173	148	130.179173	180	130.179173	159
97	130.631011	144	130.631011	139	130.631011	156	130.631011	132
97.1	131.083843	134	131.083843	124	131.083843	156	131.083843	167
97.2	131.539436	149	131.539436	136	131.539436	155	131.539436	142
97.3	131.996899	127	131.996899	110	131.996899	164	131.996899	160
97.4	132.456243	127	132.456243	161	132.456243	141	132.456243	150
97.5	132.917475	120	132.917475	146	132.917475	154	132.917475	156
97.6	133.380608	123	133.380608	127	133.380608	145	133.380608	146
97.7	133.845649	117	133.845649	121	133.845649	140	133.845649	143
97.8	134.31261	128	134.31261	118	134.31261	140	134.31261	140
97.9	134.781499	131	134.781499	137	134.781499	153	134.781499	160
98	135.253199	141	135.253199	127	135.253199	145	135.253199	142
98.1	135.725936	129	135.725936	105	135.725936	129	135.725936	139
98.2	136.200633	135	136.200633	124	136.200633	126	136.200633	120
98.3	136.677301	122	136.677301	125	136.677301	140	136.677301	143
98.4	137.15595	109	137.15595	114	137.15595	129	137.15595	132
98.5	137.636589	118	137.636589	117	137.636589	126	137.636589	137
98.6	138.119229	117	138.119229	106	138.119229	124	138.119229	124
98.7	138.60388	128	138.60388	124	138.60388	127	138.60388	140
98.8	139.090553	117	139.090553	121	139.090553	117	139.090553	138
98.9	139.579258	111	139.579258	114	139.579258	110	139.579258	133
99	140.069148	114	140.069148	117	140.069148	127	140.069148	114
99.1	140.561988	100	140.561988	124	140.561988	117	140.561988	125
99.2	141.056889	118	141.056889	121	141.056889	117	141.056889	118
99.3	141.553863	103	141.553863	117	141.553863	110	141.553863	123
99.4	142.052921	117	142.052921	96	142.052921	120	142.052921	119
99.5	142.554073	102	142.554073	101	142.554073	105	142.554073	118
99.6	143.057331	103	143.057331	118	143.057331	90	143.057331	111
99.7	143.562706	102	143.562706	103	143.562706	114	143.562706	122
99.8	144.070208	103	144.070208	110	144.070208	124	144.070208	96
99.9	144.580744	90	144.580744	114	144.580744	100	144.580744	100
100	145.092495	89	145.092495	99	145.092495	98	145.092495	108
100.1	145.606408	104	145.606408	93	145.606408	120	145.606408	99
100.2	146.122496	99	146.122496	104	146.122496	97	146.122496	108
100.3	146.64077	91	146.64077	100	146.64077	106	146.64077	110
100.4	147.161241	96	147.161241	89	147.161241	96	147.161241	117
100.5	147.683921	93	147.683921	107	147.683921	98	147.683921	96
100.6	148.20882	80	148.20882	82	148.20882	83	148.20882	98
100.7	148.735952	82	148.735952	94	148.735952	103	148.735952	99
100.8	149.265328	95	149.265328	103	149.265328	109	149.265328	93
100.9	149.796052	94	149.796052	87	149.796052	96	149.796052	103
101	150.329991	84	150.329991	90	150.329991	82	150.329991	103
101.1	150.866208	74	150.866208	116	150.866208	102	150.866208	101
101.2	151.404715	90	151.404715	83	151.404715	103	151.404715	111
101.3	151.945524	96	151.945524	91	151.945524	76	151.945524	69
101.4	152.488647	82	152.488647	75	152.488647	97	152.488647	94
101.5	153.034097	78	153.034097	77	153.034097	82	153.034097	81
101.6	153.581886	95	153.581886	76	153.581886	80	153.581886	79
101.7	154.132026	78	154.132026	83	154.132026	96	154.132026	86
101.8	154.68453	75	154.68453	82	154.68453	99	154.68453	83
101.9	155.240347	82	155.240347	82	155.240347	94	155.240347	92
102	155.797575	84	155.797575	76	155.797575	86	155.797575	89
102.1	156.357207	82	156.357207	82	156.357207	85	156.357207	91
102.2	156.919255	86	156.919255	64	156.919255	86	156.919255	79
102.3	157.483734	79	157.483734	76	157.483734	89	157.483734	90
102.4	158.050655	70	158.050655	70	158.050655	82	158.050655	88
102.5	158.620032	76	158.620032	85	158.620032	78	158.620032	82
102.6	159.191877	74	159.191877	66	159.191877	79	159.191877	74
102.7	159.766205	65	159.766205	64	159.766205	75	159.766205	74
102.8	160.343029	67	160.343029	80	160.343029	98	160.343029	75
102.9	160.922361	82	160.922361	75	160.922361	73	160.922361	68
103	161.503277	68	161.503277	82	161.503277	75	161.503277	70
103.1	162.08771	73	162.08771	79	162.08771	53	162.08771	75
103.2	162.674691	70	162.674691	60	162.674691	89	162.674691	69
103.3	163.264234	60	163.264234	58	163.264234	82	163.264234	80
103.4	163.856352	59	163.856352	64	163.856352	64	163.856352	84
103.5	164.451059	64	164.451059	53	164.451059	69	164.451059	66
103.6	165.048371	57	165.048371	58	165.048371	53	165.048371	70
103.7	165.6483	67	165.6483	70	165.6483	64	165.6483	78
103.8	166.25086	68	166.25086	61	166.25086	67	166.25086	85
103.9	166.856068	61	166.856068	80	166.856068	61	166.856068	66
104	167.463936	67	167.463936	56	167.463936	70	167.463936	66
104.1	168.075439	61	168.075439	60	168.075439	67	168.075439	60
104.2	168.688629	61	168.688629	58	168.688629	66	168.688629	63
104.3	169.304524	61	169.304524	66	169.304524	67	169.304524	57
104.4	169.923141	61	169.923141	60	169.923141	56	169.923141	62
104.5	170.544494	54	170.544494	66	170.544494	65	170.544494	61
104.6	171.168598	48	171.168598	58	171.168598	72	171.168598	47
104.7	171.795468	54	171.795468	51	171.795468	59	171.795468	60
104.8	172.425119	44	172.425119	46	172.425119	63	172.425119	67
104.9	173.057566	56	173.057566	38	173.057566	52	173.057566	53
105	173.692825	57	173.692825	56	173.692825	51	173.692825	53
105.1	174.330911	66	174.330911	54	174.330911	47	174.330911	53
105.2	174.971839	49	174.971839	53	174.971839	48	174.971839	54
105.3	175.614666	49	175.614666	47	175.614666	57	175.614666	46
105.4	176.26137	50	176.26137	56	176.26137	49	176.26137	53
105.5	176.910962	38	176.910962	52	176.910962	70	176.910962	45
105.6	177.563457	45	177.563457	48	177.563457	65	177.563457	53
105.7	178.218872	50	178.218872	47	178.218872	51	178.218872	55
105.8	178.877223	39	178.877223	48	178.877223	58	178.877223	52
105.9	179.538527	47	179.538527	38	179.538527	41	179.538527	53
106	180.202799	33	180.202799	55	180.202799	52	180.202799	49
106.1	180.870056	49	180.870056	47	180.870056	39	180.870056	59
106.2	181.540314	49	181.540314	51	181.540314	41	181.540314	39
106.3	182.213591	34	182.213591	37	182.213591	54	182.213591	44
106.4	182.889904	43	182.889904	41	182.889904	35	182.889904	46
106.5	183.570248	50	183.570248	58	183.570248	51	183.570248	39
106.6	184.252636	28	184.252636	41	184.252636	42	184.252636	40
106.7	184.938112	32	184.938112	39	184.938112	37	184.938112	41
106.8	185.626694	30	185.626694	47	185.626694	34	185.626694	43
106.9	186.318398	44	186.318398	30	186.318398	37	186.318398	37
107	187.013241	37	187.013241	24	187.013241	32	187.013241	37
107.1	187.711243	33	187.711243	32	187.711243	40	187.711243	38
107.2	188.412419	39	188.412419	39	188.412419	42	188.412419	41
107.3	189.116787	34	189.116787	46	189.116787	46	189.116787	39
107.4	189.824367	38	189.824367	32	189.824367	38	189.824367	41
107.5	190.535174	26	190.535174	35	190.535174	35	190.535174	32
107.6	191.249228	27	191.249228	35	191.249228	45	191.249228	33
107.7	191.966547	29	191.966547	42	191.966547	28	191.966547	29
107.8	192.686168	29	192.686168	25	192.686168	37	192.686168	36
107.9	193.410116	31	193.410116	29	193.410116	36	193.410116	36
108	194.137382	31	194.137382	27	194.137382	41	194.137382	33
108.1	194.867984	32	194.867984	27	194.867984	38	194.867984	26
108.2	195.601942	28	195.601942	29	195.601942	31	195.601942	32
108.3	196.339275	35	196.339275	36	196.339275	39	196.339275	40
108.4	197.08	26	197.08	35	197.08	36	197.08	42
108.5	197.824139	33	197.824139	33	197.824139	23	197.824139	38
108.6	198.571709	27	198.571709	23	198.571709	34	198.571709	32
108.7	199.322731	39	199.322731	26	199.322731	36	199.322731	32
108.8	200.077223	29	200.077223	23	200.077223	27	200.077223	27
108.9	200.835207	23	200.835207	24	200.835207	24	200.835207	32
109	201.5967	25	201.5967	32	201.5967	20	201.5967	25
109.1	202.362733	35	202.362733	24	202.362733	22	202.362733	18
109.2	203.13126	28	203.13126	22	203.13126	32	203.13126	28
109.3	203.903359	32	203.903359	18	203.903359	31	203.903359	30
109.4	204.679052	22	204.679052	20	204.679052	29	204.679052	29
109.5	205.458357	21	205.458357	16	205.458357	35	205.458357	31
109.6	206.241296	13	206.241296	15	206.241296	26	206.241296	27
109.7	207.027889	24	207.027889	21	207.027889	33	207.027889	31
109.8	207.818156	22	207.818156	17	207.818156	24	207.818156	24
109.9	208.61212	23	208.61212	20	208.61212	26	208.61212	25
110	209.4098	26	209.4098	29	209.4098	25	209.4098	25
110.1	210.211218	18	210.211218	21	210.211218	30	210.211218	28
110.2	211.016395	23	211.016395	18	211.016395	25	211.016395	24
110.3	211.825353	18	211.825353	21	211.825353	25	211.825353	19
110.4	212.638113	15	212.638113	18	212.638113	16	212.638113	11
110.5	213.453676	24	213.453676	18	213.453676	25	213.453676	25
110.6	214.274153	17	214.274153	23	214.274153	16	214.274153	20
110.7	215.098496	13	215.098496	22	215.098496	18	215.098496	17
110.8	215.926726	21	215.926726	14	215.926726	22	215.926726	25
110.9	216.758866	25	216.758866	19	216.758866	20	216.758866	19
111	217.594938	14	217.594938	14	217.594938	21	217.594938	18
111.1	218.434966	20	218.434966	21	218.434966	19	218.434966	20
111.2	219.278971	18	219.278971	14	219.278971	22	219.278971	18
111.3	220.126977	18	220.126977	22	220.126977	18	220.126977	18
111.4	220.979007	18	220.979007	14	220.979007	11	220.979007	20
111.5	221.835083	16	221.835083	12	221.835083	18	221.835083	12
111.6	222.69523	10	222.69523	11	222.69523	28	222.69523	13
111.7	223.55947	20	223.55947	19	223.55947	15	223.55947	18
111.8	224.427828	11	224.427828	14	224.427828	22	224.427828	22
111.9	225.30139	11	225.30139	21	225.30139	20	225.30139	13
112	226.178003	14	226.178003	16	226.178003	18	226.178003	20
112.1	227.058807	18	227.058807	13	227.058807	11	227.058807	15
112.2	227.943826	11	227.943826	11	227.943826	17	227.943826	19
112.3	228.833085	18	228.833085	10	228.833085	14	228.833085	17
112.4	229.726607	15	229.726607	11	229.726607	15	229.726607	12
112.5	230.624418	12	230.624418	10	230.624418	18	230.624418	15
112.6	231.526542	12	231.526542	10	231.526542	13	231.526542	11
112.7	232.433003	8	232.433003	12	232.433003	11	232.433003	16
112.8	233.343828	17	233.343828	13	233.343828	16	233.343828	12
112.9	234.259041	9	234.259041	9	234.259041	11	234.259041	17
113	235.178667	11	235.178667	6	235.178667	15	235.178667	14
113.1	236.102732	14	236.102732	11	236.102732	11	236.102732	18
113.2	237.031262	8	237.031262	11	237.031262	12	237.031262	12
113.3	237.964283	10	237.964283	14	237.964283	11	237.964283	8
113.4	238.900727	5	238.900727	13	238.900727	8	238.900727	12
113.5	239.842859	10	239.842859	15	239.842859	10	239.842859	8
113.6	240.789558	7	240.789558	11	240.789558	4	240.789558	11
113.7	241.740849	7	241.740849	14	241.740849	9	241.740849	9
113.8	242.696761	11	242.696761	7	242.696761	8	242.696761	7
113.9	243.65732	5	243.65732	5	243.65732	11	243.65732	17
114	244.622552	6	244.622552	1	244.622552	12	244.622552	12
114.1	245.592486	11	245.592486	13	245.592486	17	245.592486	14
114.2	246.567149	7	246.567149	7	246.567149	2	246.567149	7
114.3	247.546567	10	247.546567	8	247.546567	7	247.546567	11
114.4	248.53077	6	248.53077	5	248.53077	7	248.53077	10
114.5	249.519784	11	249.519784	11	249.519784	10	249.519784	9
114.6	250.513638	7	250.513638	7	250.513638	6	250.513638	7
114.7	251.51236	12	251.51236	4	251.51236	7	251.51236	10
114.8	252.515979	14	252.515979	10	252.515979	10	252.515979	9
114.9	253.524522	8	253.524522	8	253.524522	8	253.524522	10
115	254.53912	6	254.53912	9	254.53912	9	254.53912	3
115.1	255.557546	6	255.557546	8	255.557546	7	255.557546	6
115.2	256.580987	7	256.580987	4	256.580987	5	256.580987	8
115.3	257.609471	7	257.609471	5	257.609471	7	257.609471	9
115.4	258.643027	4	258.643027	4	258.643027	7	258.643027	5
115.5	259.681686	3	259.681686	7	259.681686	8	259.681686	4
115.6	260.725478	9	260.725478	7	260.725478	8	260.725478	6
115.7	261.774431	3	261.774431	3	261.774431	5	261.774431	11
115.8	262.828576	6	262.828576	12	262.828576	4	262.828576	8
115.9	263.887943	3	263.887943	5	263.887943	13	263.887943	5
116	264.952564	7	264.952564	3	264.952564	4	264.952564	4
116.1	266.022468	8	266.022468	7	266.022468	7	266.022468	6
116.2	267.097686	5	267.097686	7	267.097686	5	267.097686	4
116.3	268.17825	4	268.17825	7	268.17825	6	268.17825	7
116.4	269.26419	2	269.26419	5	269.26419	3	269.26419	2
116.5	270.355539	3	270.355539	3	270.355539	4	270.355539	4
116.6	271.451192	5	271.451192	7	271.451192	3	271.451192	3
116.7	272.55351	7	272.55351	3	272.55351	2	272.55351	4
116.8	273.661328	4	273.661328	7	273.661328	8	273.661328	6
116.9	274.77468	2	274.77468	3	274.77468	5	274.77468	5
117	275.893597	4	275.893597	3	275.893597	4	275.893597	6
117.1	277.018113	6	277.018113	3	277.018113	6	277.018113	5
117.2	278.148261	1	278.148261	3	278.148261	4	278.148261	4
117.3	279.284072	4	279.284072	4	279.284072	4	279.284072	4
117.4	280.425582	3	280.425582	9	280.425582	4	280.425582	1
117.5	281.572822	6	281.572822	2	281.572822	3	281.572822	3
117.6	282.725827	4	282.725827	4	282.725827	1	282.725827	4
117.7	283.884631	3	283.884631	5	283.884631	3	283.884631	2
117.8	285.049268	0	285.049268	4	285.049268	3	285.049268	2
117.9	286.219772	3	286.219772	2	286.219772	7	286.219772	6
118	287.396177	3	287.396177	4	287.396177	5	287.396177	4
118.1	288.578519	1	288.578519	4	288.578519	1	288.578519	2
118.2	289.766831	3	289.766831	4	289.766831	3	289.766831	5
118.3	290.962262	3	290.962262	4	290.962262	2	290.962262	3
118.4	292.16256	5	292.16256	1	292.16256	4	292.16256	4
118.5	293.368939	3	293.368939	5	293.368939	2	293.368939	2
118.6	294.581433	4	294.581433	3	294.581433	5	294.581433	3
118.7	295.800078	5	295.800078	3	295.800078	3	295.800078	2
118.8	297.024911	2	297.024911	1	297.024911	5	297.024911	4
118.9	298.255967	1	298.255967	1	298.255967	2	298.255967	4
119	299.493283	4	299.493283	3	299.493283	8	299.493283	3
119.1	300.736895	0	300.736895	3	300.736895	3	300.736895	3
119.2	301.986841	4	301.986841	3	301.986841	3	301.986841	1
119.3	303.243158	3	303.243158	4	303.243158	4	303.243158	2
119.4	304.505883	1	304.505883	2	304.505883	1	304.505883	3
119.5	305.775054	3	305.775054	2	305.775054	2	305.775054	5
119.6	307.050708	3	307.050708	3	307.050708	2	307.050708	3
119.7	308.332883	3	308.332883	2	308.332883	2	308.332883	4
119.8	309.620455	3	309.620455	2	309.620455	3	309.620455	3
119.9	310.915862	1	310.915862	4	310.915862	2	310.915862	4
120	312.217903	3	312.217903	3	312.217903	1	312.217903	2
120.1	313.526617	2	313.526617	0	313.526617	4	313.526617	3
120.2	314.842042	3	314.842042	3	314.842042	2	314.842042	3
120.3	316.164219	4	316.164219	2	316.164219	3	316.164219	0
120.4	317.493186	3	317.493186	1	317.493186	5	317.493186	1
120.5	318.828985	1	318.828985	1	318.828985	2	318.828985	2
120.6	320.171655	0	320.171655	2	320.171655	3	320.171655	2
120.7	321.521236	2	321.521236	2	321.521236	3	321.521236	3
120.8	322.87777	1	322.87777	2	322.87777	3	322.87777	2
120.9	324.241297	4	324.241297	3	324.241297	1	324.241297	3
121	325.611858	0	325.611858	2	325.611858	4	325.611858	1
121.1	326.989496	2	326.989496	2	326.989496	1	326.989496	2
121.2	328.375352	1	328.375352	2	328.375352	4	328.375352	2
121.3	329.767168	0	329.767168	4	329.767168	2	329.767168	3
121.4	331.16619	3	331.16619	2	331.16619	0	331.16619	3
121.5	332.572461	3	332.572461	0	332.572461	3	332.572461	4
121.6	333.986022	1	333.986022	4	333.986022	3	333.986022	2
121.7	335.406916	1	335.406916	2	335.406916	1	335.406916	0
121.8	336.835186	0	336.835186	3	336.835186	3	336.835186	1
121.9	338.270876	3	338.270876	0	338.270876	2	338.270876	2
122	339.714029	2	339.714029	1	339.714029	2	339.714029	2
122.1	341.163594	0	341.163594	1	341.163594	2	341.163594	0
122.2	342.621975	1	342.621975	4	342.621975	2	342.621975	4
122.3	344.087941	3	344.087941	0	344.087941	0	344.087941	3
122.4	345.561539	2	345.561539	0	345.561539	0	345.561539	0
122.5	347.042812	2	347.042812	1	347.042812	1	347.042812	0
122.6	348.532733	0	348.532733	1	348.532733	0	348.532733	2
122.7	350.029108	0	350.029108	4	350.029108	0	350.029108	1
122.8	351.532802	4	351.532802	1	351.532802	0	351.532802	1
122.9	353.045919	1	353.045919	0	353.045919	0	353.045919	1
123	354.565394	2	354.565394	2	354.565394	1	354.565394	3
123.1	356.093362	0	356.093362	0	356.093362	2	356.093362	1
123.2	357.629343	2	357.629343	2	357.629343	2	357.629343	0
123.3	359.174805	2	359.174805	0	359.174805	1	359.174805	0
123.4	360.727226	1	360.727226	4	360.727226	1	360.727226	1
123.5	362.287786	1	362.287786	0	362.287786	1	362.287786	1
123.6	363.856534	1	363.856534	1	363.856534	3	363.856534	1
123.7	365.433517	1	365.433517	1	365.433517	0	365.433517	2
123.8	367.018784	2	367.018784	1	367.018784	2	367.018784	3
123.9	368.612383	1	368.612383	2	368.612383	3	368.612383	3
124	370.214363	4	370.214363	2	370.214363	1	370.214363	1
124.1	371.824774	4	371.824774	4	371.824774	7	371.824774	4
124.2	373.443664	3	373.443664	5	373.443664	3	373.443664	4
124.3	375.071084	6	375.071084	5	375.071084	3	375.071084	9
124.4	376.707084	16	376.707084	11	376.707084	8	376.707084	9
124.5	378.350477	13	378.350477	11	378.350477	11	378.350477	11
124.6	380.003748	26	380.003748	16	380.003748	17	380.003748	18
124.7	381.665754	25	381.665754	30	381.665754	37	381.665754	39
124.8	383.336545	51	383.336545	40	383.336545	43	383.336545	39
124.9	385.016173	60	385.016173	51	385.016173	44	385.016173	53
125	386.704688	59	386.704688	54	386.704688	60	386.704688	64
125.1	388.402143	80	388.402143	92	388.402143	97	388.402143	79
125.2	390.108591	93	390.108591	107	390.108591	103	390.108591	119
125.3	391.824082	110	391.824082	124	391.824082	132	391.824082	121
125.4	393.548671	130	393.548671	167	393.548671	169	393.548671	160
125.5	395.28241	179	395.28241	150	395.28241	197	395.28241	206
125.6	397.025352	212	397.025352	202	397.025352	210	397.025352	198
125.7	398.777551	181	398.777551	216	398.777551	235	398.777551	210
125.8	400.539061	229	400.539061	211	400.539061	251	400.539061	255
125.9	402.309936	250	402.309936	257	402.309936	239	402.309936	299
126	404.090231	255	404.090231	263	404.090231	277	404.090231	263
126.1	405.88	257	405.88	310	405.88	266	405.88	282
126.2	407.679298	300	407.679298	311	407.679298	345	407.679298	319
126.3	409.488182	296	409.488182	320	409.488182	318	409.488182	296
126.4	411.306706	306	411.306706	340	411.306706	341	411.306706	306
126.5	413.134927	301	413.134927	336	413.134927	318	413.134927	312
126.6	414.972901	320	414.972901	318	414.972901	324	414.972901	323
126.7	416.820685	313	416.820685	318	416.820685	303	416.820685	309
126.8	418.678336	289	418.678336	297	418.678336	306	418.678336	305
126.9	420.545911	299	420.545911	263	420.545911	323	420.545911	288
127	422.423467	250	422.423467	265	422.423467	276	422.423467	302
127.1	424.311064	272	424.311064	233	424.311064	306	424.311064	255
127.2	426.208758	200	426.208758	236	426.208758	239	426.208758	261
127.3	428.116609	201	428.116609	232	428.116609	232	428.116609	209
127.4	430.034676	211	430.034676	230	430.034676	204	430.034676	213
127.5	431.963018	177	431.963018	176	431.963018	185	431.963018	193
127.6	433.901693	172	433.901693	154	433.901693	160	433.901693	184
127.7	435.850764	141	435.850764	160	435.850764	147	435.850764	155
127.8	437.810289	118	437.810289	128	437.810289	148	437.810289	169
127.9	439.780329	136	439.780329	135	439.780329	120	439.780329	112
128	441.760945	95	441.760945	130	441.760945	113	441.760945	131
128.1	443.752198	99	443.752198	119	443.752198	119	443.752198	97
128.2	445.754151	82	445.754151	92	445.754151	99	445.754151	104
128.3	447.766865	81	447.766865	101	447.766865	94	447.766865	89
128.4	449.790402	64	449.790402	87	449.790402	78	449.790402	83
128.5	451.824825	74	451.824825	73	451.824825	81	451.824825	72
128.6	453.870196	67	453.870196	60	453.870196	63	453.870196	60
128.7	455.92658	64	455.92658	58	455.92658	66	455.92658	68
128.8	457.994041	52	457.994041	62	457.994041	57	457.994041	50
128.9	460.072641	48	460.072641	47	460.072641	54	460.072641	41
129	462.163672	42	462.163672	49	462.163672	48	462.163672	43
129.1	464.264728	35	464.264728	40	464.264728	48	464.264728	44
129.2	466.377119	32	466.377119	45	466.377119	40	466.377119	46
129.3	468.50091	39	468.50091	40	468.50091	39	468.50091	33
129.4	470.636166	41	470.636166	47	470.636166	26	470.636166	31
129.5	472.782954	24	472.782954	33	472.782954	35	472.782954	37
129.6	474.94134	39	474.94134	32	474.94134	24	474.94134	31
129.7	477.111392	15	477.111392	32	477.111392	25	477.111392	32
129.8	479.293177	30	479.293177	26	479.293177	33	479.293177	29
129.9	481.486762	13	481.486762	25	481.486762	31	481.486762	18
130	483.692216	25	483.692216	23	483.692216	27	483.692216	21
130.1	485.909607	27	485.909607	18	485.909607	24	485.909607	18
130.2	488.139004	16	488.139004	20	488.139004	25	488.139004	18
130.3	490.380477	20	490.380477	19	490.380477	25	490.380477	18
130.4	492.634094	13	492.634094	18	492.634094	26	492.634094	19
130.5	494.899925	15	494.899925	21	494.899925	18	494.899925	19
130.6	497.178042	11	497.178042	18	497.178042	18	497.178042	18
130.7	499.468515	16	499.468515	15	499.468515	19	499.468515	12
130.8	501.771416	10	501.771416	18	501.771416	18	501.771416	19
130.9	504.086815	18	504.086815	18	504.086815	15	504.086815	22
131	506.414785	15	506.414785	17	506.414785	18	506.414785	8
131.1	508.755398	11	508.755398	11	508.755398	15	508.755398	18
131.2	511.108726	8	511.108726	14	511.108726	13	511.108726	13
131.3	513.474845	16	513.474845	13	513.474845	17	513.474845	10
131.4	515.853825	7	515.853825	12	515.853825	18	515.853825	11
131.5	518.245743	11	518.245743	17	518.245743	17	518.245743	16
131.6	520.650672	13	520.650672	7	520.650672	7	520.650672	11
131.7	523.068687	6	523.068687	11	523.068687	10	523.068687	9
131.8	525.499863	11	525.499863	11	525.499863	16	525.499863	11
131.9	527.944276	11	527.944276	16	527.944276	11	527.944276	11
132	530.402002	11	530.402002	12	530.402002	12	530.402002	13
132.1	532.873118	10	532.873118	14	532.873118	11	532.873118	18
132.2	535.3577	4	535.3577	9	535.3577	8	535.3577	12
132.3	537.855827	6	537.855827	7	537.855827	18	537.855827	8
132.4	540.367575	11	540.367575	9	540.367575	11	540.367575	8
132.5	542.893024	11	542.893024	8	542.893024	5	542.893024	11
132.6	545.432251	11	545.432251	15	545.432251	8	545.432251	6
132.7	547.985336	12	547.985336	5	547.985336	5	547.985336	7
132.8	550.552358	4	550.552358	9	550.552358	9	550.552358	7
132.9	553.133399	6	553.133399	6	553.133399	6	553.133399	6
133	555.728537	4	555.728537	5	555.728537	11	555.728537	11
133.1	558.337854	6	558.337854	13	558.337854	5	558.337854	10
133.2	560.961432	8	560.961432	6	560.961432	8	560.961432	6
133.3	563.599352	10	563.599352	4	563.599352	4	563.599352	9
133.4	566.251697	4	566.251697	4	566.251697	9	566.251697	11
133.5	568.918549	4	568.918549	4	568.918549	11	568.918549	10
133.6	571.599992	6	571.599992	5	571.599992	10	571.599992	4
133.7	574.296109	5	574.296109	5	574.296109	7	574.296109	5
133.8	577.006985	7	577.006985	4	577.006985	2	577.006985	4
133.9	579.732705	8	579.732705	6	579.732705	11	579.732705	8
134	582.473352	7	582.473352	8	582.473352	3	582.473352	6
134.1	585.229014	5	585.229014	4	585.229014	11	585.229014	2
134.2	587.999776	3	587.999776	4	587.999776	3	587.999776	4
134.3	590.785725	6	590.785725	6	590.785725	11	590.785725	2
134.4	593.586948	2	593.586948	8	593.586948	9	593.586948	8
134.5	596.403533	3	596.403533	7	596.403533	8	596.403533	5
134.6	599.235568	3	599.235568	11	599.235568	3	599.235568	4
134.7	602.08314	3	602.08314	4	602.08314	4	602.08314	2
134.8	604.946341	4	604.946341	4	604.946341	4	604.946341	5
134.9	607.825258	8	607.825258	6	607.825258	3	607.825258	3
135	610.719983	5	610.719983	5	610.719983	5	610.719983	1
Comment								