Sample File	G:\Shared drives\EARL\STUDENTS\Patricia\2020\CCNC Internal Mixtures\Mixing Tube Experiments\Overnights\AS to Sucrose\sucrose only pre mixing.S80							
Classifier Model	3080							
DMA Model	3081							
DMA Inner Radius(cm)	0.00937							
DMA Outer Radius(cm)	0.01961							
DMA Characteristic Length(cm)	0.44369							
CPC Model	3776 Low Flow							
Reference Gas Viscosity (Pa*s)	1.83E-05							
Reference Mean Free Path (m)	6.73E-08							
Reference Gas Temperature (K)	296.15							
Reference Gas Pressure (kPa)	101.3							
Channels/Decade	64							
Multiple Charge Correction	FALSE							
Nanoparticle Aggregate Mobility Analysis	FALSE							
Diffusion Correction	FALSE							
Units	dw/dlogDp							
Weight	Number							
Sample #	1		2		3		4	
Date	10/6/21		10/6/21		10/6/21		10/6/21	
Start Time	18:10:45		18:13:03		18:15:18		18:17:33	
Diameter Midpoint								
8.2	2771.87		38638.8		35458.8		37969.4	
8.51	9971.5		44872.3		36118.4		30494.4	
8.82	8354.82		30165		24718.4		17817.7	
9.14	13826.5		25252.4		21838.1		27213	
9.47	12998		14180.9		34714		18462	
9.82	32616.1		28355.6		22823.7		31060.5	
10.2	24109.1		34240.5		29181.8		24802.1	
10.6	33645.7		27809.2		36415.5		31466.9	
10.9	34163.9		31569.4		41074		39711.1	
11.3	49428.8		38792.8		33948.6		38861.7	
11.8	43268.7		47772.4		53105.2		45909.8	
12.2	79156.5		78098.2		56458.1		59792.3	
12.6	92288.8		81393.4		65424.8		64780.9	
13.1	90173		74314.5		106898		80133.2	
13.6	118574		102870		108931		104828	
14.1	132005		104935		131555		119637	
14.6	142729		148040		134208		148580	
15.1	173731		159280		153715		170746	
15.7	192999		200657		189228		182734	
16.3	211307		226790		223411		216083	
16.8	270445		239048		243297		232561	
17.5	276861		272289		262578		270347	
18.1	317266		325752		309988		310875	
18.8	353181		343782		341236		358151	
19.5	400357		375065		385743		392225	
20.2	422879		448663		424202		415469	
20.9	475013		468595		453943		435220	
21.7	489341		504853		485337		507849	
22.5	560635		537965		540668		544501	
23.3	623220		589788		626636		597063	
24.1	659763		611810		652458		626804	
25	700399		664587		669772		680923	
25.9	741266		763700		723954		714040	
26.9	792705		755697		756844		781605	
27.9	830503		816811		829832		838102	
28.9	885045		893432		876256		883250	
30	917789		939105		907252		910426	
31.1	946786		929191		953194		953773	
32.2	1.04E+06		1.06E+06		1.04E+06		1.02E+06	
33.4	1.10E+06		1.05E+06		1.07E+06		1.09E+06	
34.6	1.17E+06		1.13E+06		1.15E+06		1.14E+06	
35.9	1.19E+06		1.22E+06		1.20E+06		1.18E+06	
37.2	1.25E+06		1.22E+06		1.19E+06		1.25E+06	
38.5	1.27E+06		1.25E+06		1.25E+06		1.25E+06	
40	1.34E+06		1.28E+06		1.33E+06		1.29E+06	
41.4	1.39E+06		1.37E+06		1.40E+06		1.36E+06	
42.9	1.40E+06		1.40E+06		1.41E+06		1.39E+06	
44.5	1.48E+06		1.48E+06		1.42E+06		1.44E+06	
46.1	1.53E+06		1.48E+06		1.48E+06		1.47E+06	
47.8	1.56E+06		1.53E+06		1.49E+06		1.54E+06	
49.6	1.58E+06		1.52E+06		1.56E+06		1.58E+06	
51.4	1.60E+06		1.58E+06		1.61E+06		1.60E+06	
53.3	1.61E+06		1.68E+06		1.62E+06		1.62E+06	
55.2	1.64E+06		1.62E+06		1.66E+06		1.65E+06	
57.3	1.70E+06		1.69E+06		1.69E+06		1.71E+06	
59.4	1.71E+06		1.68E+06		1.68E+06		1.68E+06	
61.5	1.67E+06		1.69E+06		1.72E+06		1.70E+06	
63.8	1.71E+06		1.69E+06		1.71E+06		1.72E+06	
66.1	1.73E+06		1.67E+06		1.72E+06		1.73E+06	
68.5	1.69E+06		1.72E+06		1.77E+06		1.71E+06	
71	1.71E+06		1.71E+06		1.71E+06		1.74E+06	
73.7	1.70E+06		1.67E+06		1.71E+06		1.72E+06	
76.4	1.71E+06		1.71E+06		1.71E+06		1.68E+06	
79.1	1.70E+06		1.68E+06		1.70E+06		1.69E+06	
82	1.71E+06		1.71E+06		1.68E+06		1.66E+06	
85.1	1.68E+06		1.67E+06		1.66E+06		1.66E+06	
88.2	1.66E+06		1.63E+06		1.66E+06		1.63E+06	
91.4	1.63E+06		1.61E+06		1.62E+06		1.64E+06	
94.7	1.61E+06		1.58E+06		1.58E+06		1.61E+06	
98.2	1.57E+06		1.53E+06		1.57E+06		1.58E+06	
101.8	1.53E+06		1.57E+06		1.55E+06		1.51E+06	
105.5	1.50E+06		1.48E+06		1.50E+06		1.49E+06	
109.4	1.47E+06		1.43E+06		1.44E+06		1.46E+06	
113.4	1.41E+06		1.40E+06		1.41E+06		1.39E+06	
117.6	1.37E+06		1.33E+06		1.35E+06		1.34E+06	
121.9	1.34E+06		1.30E+06		1.27E+06		1.32E+06	
126.3	1.26E+06		1.25E+06		1.23E+06		1.23E+06	
131	1.22E+06		1.19E+06		1.17E+06		1.17E+06	
135.8	1.13E+06		1.12E+06		1.14E+06		1.11E+06	
140.7	1.10E+06		1.07E+06		1.05E+06		1.07E+06	
145.9	1.03E+06		1.02E+06		984277		997244	
151.2	933206		950798		947919		933231	
156.8	922147		900243		874602		873875	
162.5	875065		805198		822846		813061	
168.5	794418		754762		741086		751178	
174.7	724758		703280		687138		684750	
181.1	662575		623903		605446		602805	
187.7	626466		596236		566921		572149	
194.6	569616		533991		511359		515600	
201.7	517476		472604		474088		467159	
209.1	446170		441282		427143		419695	
216.7	415161		393053		376329		373037	
224.7	360658		333482		341422		317685	
232.9	317237		316514		303690		296613	
241.4	276886		269387		250120		248368	
250.3	245597		233360		215953		225034	
259.5	218406		198432		199963		188949	
269	185985		176361		161758		167816	
278.8	152242		143045		146109		137398	
289	142710		133573		118889		110495	
299.6	118243		110446		111400		97753.1	
310.6	99387.3		85032.2		91673.4		84761.3	
322	84986.5		74327.9		72379.4		75480.1	
333.8	65321.1		67547		63468.3		61735	
346	56728.6		52969.1		54971.1		46816.9	
Scan Up Time(s)	120		120		120		120	
Retrace Time(s)	15		15		15		15	
Down Scan First	FALSE		FALSE		FALSE		FALSE	
Scans Per Sample	1		1		1		1	
Impactor Type(cm)	0.071		0.071		0.071		0.071	
Sheath Flow(lpm)	7.99998		7.99998		7.99998		7.99998	
Aerosol Flow(lpm)	0.8		0.8		0.8		0.8	
CPC Inlet Flow(lpm)	0.3		0.3		0.3		0.3	
CPC Sample Flow(lpm)	0.05		0.05		0.05		0.05	
Low Voltage	10.0725		10.0725		10.0725		10.0725	
High Voltage	9959.97		9959.97		9959.97		9959.97	
Lower Size(nm)	8.05842		8.05842		8.05842		8.05842	
Upper Size(nm)	352.269		352.269		352.269		352.269	
Density(g/cc)	1.59		1.59		1.59		1.59	
Title								
Status Flag	Normal Scan		Normal Scan		Normal Scan		Normal Scan	
td(s)	2.84875		2.84875		2.84875		2.84875	
tf(s)	2.82031		2.82031		2.82031		2.82031	
D50(nm)	650.188		650.188		650.188		650.188	
Median(nm)		67.1146		66.9563		66.8258		66.6993
Mean(nm)	81.5394		81.018		80.6537		80.492	
Geo. Mean(nm)	66.1034		65.775		65.6009		65.5492	
Mode(nm)	66.1169		68.539		68.539		71.0497	
Geo. Std. Dev.	1.93648		1.93419		1.9282		1.92417	
Total Concentration(#/cm³)	1.33E+06		1.31E+06		1.31E+06		1.31E+06	
Raw Data - Time(s)	Diameter #1	Counts #1	Diameter #2	Counts #2	Diameter #3	Counts #3	Diameter #4	Counts #4
0.1	6.856757	1	6.856757	18	6.856757	10	6.856757	11
0.2	6.876653	0	6.876653	10	6.876653	6	6.876653	9
0.3	6.896675	1	6.896675	6	6.896675	9	6.896675	6
0.4	6.916688	0	6.916688	7	6.916688	1	6.916688	7
0.5	6.936759	0	6.936759	7	6.936759	10	6.936759	8
0.6	6.956821	1	6.956821	8	6.956821	6	6.956821	10
0.7	6.97701	0	6.97701	7	6.97701	12	6.97701	8
0.8	6.997259	0	6.997259	7	6.997259	7	6.997259	8
0.9	7.017635	0	7.017635	11	7.017635	6	7.017635	9
1	7.038002	1	7.038002	5	7.038002	6	7.038002	7
1.1	7.058428	0	7.058428	7	7.058428	6	7.058428	2
1.2	7.078915	0	7.078915	3	7.078915	12	7.078915	3
1.3	7.099391	0	7.099391	10	7.099391	3	7.099391	8
1.4	7.119998	0	7.119998	7	7.119998	7	7.119998	2
1.5	7.140665	0	7.140665	8	7.140665	8	7.140665	5
1.6	7.161392	2	7.161392	6	7.161392	6	7.161392	5
1.7	7.18218	1	7.18218	10	7.18218	7	7.18218	4
1.8	7.2031	0	7.2031	3	7.2031	11	7.2031	9
1.9	7.22401	1	7.22401	6	7.22401	4	7.22401	4
2	7.244981	0	7.244981	4	7.244981	10	7.244981	6
2.1	7.266014	0	7.266014	5	7.266014	7	7.266014	4
2.2	7.287108	1	7.287108	4	7.287108	6	7.287108	1
2.3	7.308193	0	7.308193	4	7.308193	6	7.308193	7
2.4	7.329411	1	7.329411	1	7.329411	3	7.329411	5
2.5	7.350691	1	7.350691	4	7.350691	2	7.350691	4
2.6	7.372034	1	7.372034	2	7.372034	8	7.372034	4
2.7	7.393439	0	7.393439	3	7.393439	3	7.393439	10
2.8	7.414907	0	7.414907	4	7.414907	4	7.414907	7
2.9	7.436511	0	7.436511	4	7.436511	4	7.436511	5
3	7.458105	0	7.458105	5	7.458105	4	7.458105	6
3.1	7.479762	0	7.479762	7	7.479762	3	7.479762	3
3.2	7.501483	0	7.501483	6	7.501483	1	7.501483	3
3.3	7.523267	0	7.523267	4	7.523267	3	7.523267	3
3.4	7.545115	0	7.545115	7	7.545115	5	7.545115	3
3.5	7.567028	2	7.567028	2	7.567028	1	7.567028	6
3.6	7.589004	0	7.589004	4	7.589004	7	7.589004	5
3.7	7.611045	1	7.611045	2	7.611045	2	7.611045	3
3.8	7.633076	0	7.633076	6	7.633076	5	7.633076	2
3.9	7.655246	0	7.655246	4	7.655246	2	7.655246	3
4	7.677482	0	7.677482	2	7.677482	5	7.677482	3
4.1	7.699782	0	7.699782	4	7.699782	3	7.699782	6
4.2	7.722148	0	7.722148	6	7.722148	5	7.722148	1
4.3	7.74458	0	7.74458	3	7.74458	4	7.74458	1
4.4	7.767077	1	7.767077	4	7.767077	4	7.767077	3
4.5	7.78964	1	7.78964	4	7.78964	5	7.78964	7
4.6	7.81227	1	7.81227	4	7.81227	6	7.81227	1
4.7	7.834966	0	7.834966	4	7.834966	1	7.834966	2
4.8	7.857728	0	7.857728	3	7.857728	3	7.857728	3
4.9	7.880557	0	7.880557	7	7.880557	0	7.880557	3
5	7.903454	0	7.903454	4	7.903454	4	7.903454	4
5.1	7.926417	0	7.926417	2	7.926417	1	7.926417	2
5.2	7.949448	0	7.949448	1	7.949448	4	7.949448	2
5.3	7.972546	0	7.972546	2	7.972546	2	7.972546	1
5.4	7.995712	0	7.995712	3	7.995712	3	7.995712	5
5.5	8.018947	0	8.018947	4	8.018947	4	8.018947	2
5.6	8.042249	0	8.042249	2	8.042249	3	8.042249	3
5.7	8.06562	0	8.06562	2	8.06562	4	8.06562	1
5.8	8.089059	0	8.089059	5	8.089059	1	8.089059	2
5.9	8.112567	0	8.112567	2	8.112567	3	8.112567	1
6	8.136144	0	8.136144	1	8.136144	0	8.136144	3
6.1	8.159791	1	8.159791	1	8.159791	1	8.159791	3
6.2	8.183507	1	8.183507	0	8.183507	3	8.183507	0
6.3	8.207292	0	8.207292	2	8.207292	2	8.207292	3
6.4	8.231147	0	8.231147	2	8.231147	1	8.231147	2
6.5	8.255073	0	8.255073	4	8.255073	4	8.255073	6
6.6	8.279068	0	8.279068	3	8.279068	0	8.279068	3
6.7	8.303216	0	8.303216	1	8.303216	4	8.303216	1
6.8	8.327353	0	8.327353	3	8.327353	4	8.327353	1
6.9	8.351561	0	8.351561	3	8.351561	1	8.351561	2
7	8.37584	0	8.37584	3	8.37584	4	8.37584	1
7.1	8.400191	3	8.400191	0	8.400191	4	8.400191	3
7.2	8.424613	1	8.424613	4	8.424613	0	8.424613	3
7.3	8.449107	1	8.449107	5	8.449107	1	8.449107	0
7.4	8.473673	0	8.473673	4	8.473673	0	8.473673	0
7.5	8.498311	0	8.498311	2	8.498311	4	8.498311	1
7.6	8.522937	0	8.522937	2	8.522937	1	8.522937	3
7.7	8.54772	1	8.54772	2	8.54772	1	8.54772	1
7.8	8.572575	1	8.572575	1	8.572575	3	8.572575	4
7.9	8.597504	0	8.597504	3	8.597504	2	8.597504	1
8	8.622506	0	8.622506	3	8.622506	3	8.622506	3
8.1	8.647581	0	8.647581	3	8.647581	3	8.647581	2
8.2	8.67273	1	8.67273	4	8.67273	3	8.67273	2
8.3	8.698038	0	8.698038	0	8.698038	2	8.698038	2
8.4	8.723336	0	8.723336	1	8.723336	0	8.723336	1
8.5	8.748708	1	8.748708	4	8.748708	3	8.748708	1
8.6	8.774154	0	8.774154	1	8.774154	3	8.774154	1
8.7	8.799676	0	8.799676	3	8.799676	1	8.799676	0
8.8	8.825186	1	8.825186	0	8.825186	1	8.825186	1
8.9	8.850857	1	8.850857	2	8.850857	1	8.850857	0
9	8.876604	1	8.876604	2	8.876604	1	8.876604	3
9.1	8.902426	1	8.902426	2	8.902426	2	8.902426	1
9.2	8.928324	1	8.928324	3	8.928324	1	8.928324	1
9.3	8.954387	0	8.954387	0	8.954387	1	8.954387	1
9.4	8.980438	0	8.980438	4	8.980438	2	8.980438	1
9.5	9.006567	0	9.006567	0	9.006567	3	9.006567	2
9.6	9.032772	3	9.032772	1	9.032772	2	9.032772	0
9.7	9.058966	0	9.058966	1	9.058966	0	9.058966	2
9.8	9.085325	1	9.085325	4	9.085325	0	9.085325	3
9.9	9.111761	0	9.111761	2	9.111761	1	9.111761	2
10	9.138276	1	9.138276	1	9.138276	1	9.138276	0
10.1	9.164958	1	9.164958	3	9.164958	1	9.164958	3
10.2	9.191629	1	9.191629	3	9.191629	3	9.191629	1
10.3	9.218379	2	9.218379	0	9.218379	0	9.218379	2
10.4	9.245208	1	9.245208	2	9.245208	0	9.245208	4
10.5	9.272025	1	9.272025	2	9.272025	4	9.272025	2
10.6	9.299011	0	9.299011	1	9.299011	2	9.299011	1
10.7	9.326077	1	9.326077	0	9.326077	2	9.326077	0
10.8	9.353314	1	9.353314	1	9.353314	3	9.353314	1
10.9	9.38054	1	9.38054	4	9.38054	0	9.38054	0
11	9.407846	1	9.407846	1	9.407846	3	9.407846	2
11.1	9.435141	1	9.435141	1	9.435141	3	9.435141	1
11.2	9.462608	1	9.462608	1	9.462608	1	9.462608	0
11.3	9.490155	1	9.490155	0	9.490155	1	9.490155	3
11.4	9.517784	0	9.517784	1	9.517784	4	9.517784	1
11.5	9.545588	0	9.545588	0	9.545588	3	9.545588	3
11.6	9.573381	1	9.573381	2	9.573381	1	9.573381	1
11.7	9.601255	0	9.601255	0	9.601255	3	9.601255	3
11.8	9.629117	2	9.629117	1	9.629117	4	9.629117	0
11.9	9.657156	2	9.657156	0	9.657156	3	9.657156	1
12	9.685371	2	9.685371	1	9.685371	3	9.685371	2
12.1	9.713576	0	9.713576	3	9.713576	1	9.713576	2
12.2	9.741864	3	9.741864	2	9.741864	0	9.741864	3
12.3	9.77014	3	9.77014	1	9.77014	0	9.77014	3
12.4	9.798593	2	9.798593	4	9.798593	2	9.798593	2
12.5	9.827131	2	9.827131	2	9.827131	3	9.827131	3
12.6	9.85585	3	9.85585	1	9.85585	0	9.85585	3
12.7	9.884558	3	9.884558	2	9.884558	3	9.884558	1
12.8	9.913253	3	9.913253	3	9.913253	1	9.913253	2
12.9	9.942129	3	9.942129	1	9.942129	2	9.942129	2
13	9.97109	2	9.97109	3	9.97109	1	9.97109	3
13.1	10.000235	2	10.000235	2	10.000235	3	10.000235	1
13.2	10.029368	1	10.029368	3	10.029368	2	10.029368	2
13.3	10.058489	1	10.058489	0	10.058489	0	10.058489	3
13.4	10.087794	0	10.087794	4	10.087794	3	10.087794	0
13.5	10.117185	2	10.117185	3	10.117185	3	10.117185	0
13.6	10.146762	2	10.146762	3	10.146762	3	10.146762	2
13.7	10.176328	2	10.176328	3	10.176328	5	10.176328	2
13.8	10.205881	2	10.205881	2	10.205881	1	10.205881	3
13.9	10.235621	3	10.235621	3	10.235621	2	10.235621	2
14	10.265548	3	10.265548	1	10.265548	1	10.265548	2
14.1	10.295465	0	10.295465	3	10.295465	4	10.295465	3
14.2	10.325369	2	10.325369	4	10.325369	1	10.325369	0
14.3	10.355461	3	10.355461	2	10.355461	1	10.355461	3
14.4	10.385744	3	10.385744	1	10.385744	2	10.385744	2
14.5	10.416015	3	10.416015	1	10.416015	2	10.416015	3
14.6	10.446376	2	10.446376	1	10.446376	4	10.446376	3
14.7	10.476724	2	10.476724	1	10.476724	3	10.476724	3
14.8	10.507263	4	10.507263	4	10.507263	2	10.507263	2
14.9	10.537996	0	10.537996	1	10.537996	3	10.537996	2
15	10.568718	3	10.568718	2	10.568718	3	10.568718	4
15.1	10.599425	3	10.599425	3	10.599425	3	10.599425	1
15.2	10.630327	2	10.630327	4	10.630327	2	10.630327	3
15.3	10.661425	2	10.661425	2	10.661425	3	10.661425	3
15.4	10.692511	4	10.692511	2	10.692511	6	10.692511	1
15.5	10.723584	3	10.723584	2	10.723584	1	10.723584	3
15.6	10.754852	3	10.754852	4	10.754852	2	10.754852	1
15.7	10.78632	3	10.78632	2	10.78632	7	10.78632	5
15.8	10.81767	4	10.81767	4	10.81767	2	10.81767	3
15.9	10.849217	2	10.849217	2	10.849217	4	10.849217	3
16	10.880963	3	10.880963	3	10.880963	3	10.880963	3
16.1	10.912698	0	10.912698	2	10.912698	3	10.912698	3
16.2	10.944421	4	10.944421	0	10.944421	1	10.944421	3
16.3	10.976342	0	10.976342	0	10.976342	2	10.976342	3
16.4	11.008466	4	11.008466	4	11.008466	1	11.008466	2
16.5	11.040579	3	11.040579	2	11.040579	5	11.040579	3
16.6	11.072677	4	11.072677	3	11.072677	3	11.072677	2
16.7	11.104978	2	11.104978	4	11.104978	6	11.104978	5
16.8	11.137485	4	11.137485	4	11.137485	3	11.137485	4
16.9	11.16987	1	11.16987	3	11.16987	3	11.16987	2
17	11.202459	4	11.202459	4	11.202459	0	11.202459	1
17.1	11.235254	4	11.235254	3	11.235254	3	11.235254	3
17.2	11.268037	9	11.268037	5	11.268037	4	11.268037	3
17.3	11.300807	6	11.300807	2	11.300807	3	11.300807	3
17.4	11.333893	4	11.333893	5	11.333893	3	11.333893	3
17.5	11.366969	4	11.366969	1	11.366969	3	11.366969	6
17.6	11.400032	3	11.400032	4	11.400032	2	11.400032	3
17.7	11.433301	0	11.433301	5	11.433301	3	11.433301	3
17.8	11.466783	3	11.466783	3	11.466783	3	11.466783	4
17.9	11.50014	5	11.50014	1	11.50014	4	11.50014	5
18	11.533706	6	11.533706	3	11.533706	3	11.533706	3
18.1	11.567486	5	11.567486	3	11.567486	3	11.567486	3
18.2	11.601253	5	11.601253	1	11.601253	3	11.601253	3
18.3	11.635006	4	11.635006	1	11.635006	3	11.635006	9
18.4	11.669086	4	11.669086	4	11.669086	5	11.669086	3
18.5	11.703155	1	11.703155	2	11.703155	5	11.703155	2
18.6	11.737209	3	11.737209	9	11.737209	3	11.737209	3
18.7	11.771593	3	11.771593	3	11.771593	10	11.771593	2
18.8	11.805966	4	11.805966	4	11.805966	5	11.805966	2
18.9	11.840324	6	11.840324	2	11.840324	6	11.840324	3
19	11.875014	4	11.875014	7	11.875014	3	11.875014	3
19.1	11.909694	4	11.909694	4	11.909694	5	11.909694	5
19.2	11.944358	1	11.944358	8	11.944358	5	11.944358	8
19.3	11.979358	6	11.979358	6	11.979358	3	11.979358	6
19.4	12.014347	8	12.014347	5	12.014347	10	12.014347	5
19.5	12.049321	6	12.049321	8	12.049321	3	12.049321	8
19.6	12.084633	8	12.084633	5	12.084633	7	12.084633	5
19.7	12.119934	9	12.119934	8	12.119934	3	12.119934	3
19.8	12.15522	4	12.15522	8	12.15522	4	12.15522	4
19.9	12.190848	7	12.190848	5	12.190848	6	12.190848	5
20	12.226464	6	12.226464	6	12.226464	3	12.226464	4
20.1	12.262065	4	12.262065	9	12.262065	4	12.262065	5
20.2	12.298011	9	12.298011	3	12.298011	4	12.298011	11
20.3	12.333826	11	12.333826	7	12.333826	4	12.333826	7
20.4	12.369864	7	12.369864	10	12.369864	5	12.369864	4
20.5	12.406132	7	12.406132	11	12.406132	9	12.406132	4
20.6	12.442266	11	12.442266	9	12.442266	4	12.442266	4
20.7	12.478627	12	12.478627	5	12.478627	5	12.478627	4
20.8	12.515219	9	12.515219	6	12.515219	5	12.515219	9
20.9	12.551675	9	12.551675	5	12.551675	7	12.551675	8
21	12.588483	5	12.588483	11	12.588483	5	12.588483	3
21.1	12.62528	8	12.62528	13	12.62528	3	12.62528	6
21.2	12.662062	11	12.662062	11	12.662062	9	12.662062	3
21.3	12.6992	12	12.6992	9	12.6992	5	12.6992	4
21.4	12.736202	5	12.736202	7	12.736202	7	12.736202	9
21.5	12.773436	6	12.773436	6	12.773436	9	12.773436	3
21.6	12.810906	8	12.810906	2	12.810906	6	12.810906	5
21.7	12.848239	8	12.848239	8	12.848239	8	12.848239	13
21.8	12.885931	10	12.885931	8	12.885931	8	12.885931	11
21.9	12.923612	7	12.923612	3	12.923612	7	12.923612	8
22	12.961278	9	12.961278	8	12.961278	11	12.961278	3
22.1	12.999308	9	12.999308	8	12.999308	10	12.999308	3
22.2	13.037199	9	13.037199	5	13.037199	10	13.037199	8
22.3	13.075454	11	13.075454	9	13.075454	8	13.075454	5
22.4	13.1137	7	13.1137	10	13.1137	13	13.1137	11
22.5	13.151929	6	13.151929	10	13.151929	14	13.151929	7
22.6	13.190528	9	13.190528	4	13.190528	12	13.190528	7
22.7	13.228987	9	13.228987	8	13.228987	11	13.228987	14
22.8	13.267814	8	13.267814	9	13.267814	11	13.267814	8
22.9	13.306632	10	13.306632	5	13.306632	12	13.306632	11
23	13.345433	12	13.345433	8	13.345433	7	13.345433	7
23.1	13.38461	17	13.38461	11	13.38461	10	13.38461	6
23.2	13.423645	11	13.423645	7	13.423645	8	13.423645	12
23.3	13.463053	15	13.463053	10	13.463053	7	13.463053	10
23.4	13.502453	15	13.502453	7	13.502453	11	13.502453	11
23.5	13.541835	12	13.541835	10	13.541835	16	13.541835	14
23.6	13.581599	12	13.581599	9	13.581599	13	13.581599	7
23.7	13.621218	16	13.621218	9	13.621218	14	13.621218	11
23.8	13.661217	10	13.661217	18	13.661217	8	13.661217	13
23.9	13.701074	11	13.701074	13	13.701074	8	13.701074	13
24	13.741179	6	13.741179	13	13.741179	16	13.741179	16
24.1	13.781539	10	13.781539	11	13.781539	8	13.781539	5
24.2	13.821751	10	13.821751	8	13.821751	15	13.821751	11
24.3	13.862351	9	13.862351	17	13.862351	14	13.862351	11
24.4	13.902805	15	13.902805	10	13.902805	19	13.902805	7
24.5	13.943646	11	13.943646	6	13.943646	11	13.943646	11
24.6	13.984342	21	13.984342	11	13.984342	18	13.984342	15
24.7	14.025291	19	14.025291	7	14.025291	14	14.025291	11
24.8	14.066501	9	14.066501	12	14.066501	9	14.066501	17
24.9	14.10756	17	14.10756	13	14.10756	14	14.10756	17
25	14.149015	9	14.149015	6	14.149015	13	14.149015	12
25.1	14.190321	11	14.190321	14	14.190321	19	14.190321	11
25.2	14.232022	18	14.232022	11	14.232022	14	14.232022	16
25.3	14.273576	14	14.273576	12	14.273576	11	14.273576	13
25.4	14.315526	15	14.315526	11	14.315526	12	14.315526	11
25.5	14.357467	12	14.357467	21	14.357467	11	14.357467	12
25.6	14.39939	18	14.39939	13	14.39939	14	14.39939	17
25.7	14.44172	11	14.44172	19	14.44172	18	14.44172	15
25.8	14.483895	12	14.483895	11	14.483895	15	14.483895	15
25.9	14.526477	18	14.526477	14	14.526477	12	14.526477	17
26	14.568906	17	14.568906	13	14.568906	12	14.568906	15
26.1	14.611742	17	14.611742	21	14.611742	11	14.611742	23
26.2	14.654425	17	14.654425	18	14.654425	18	14.654425	18
26.3	14.697516	19	14.697516	20	14.697516	17	14.697516	12
26.4	14.740456	20	14.740456	15	14.740456	12	14.740456	18
26.5	14.783804	11	14.783804	16	14.783804	24	14.783804	16
26.6	14.827144	9	14.827144	20	14.827144	9	14.827144	18
26.7	14.870465	25	14.870465	10	14.870465	19	14.870465	14
26.8	14.914208	18	14.914208	20	14.914208	18	14.914208	18
26.9	14.957789	18	14.957789	20	14.957789	18	14.957789	12
27	15.001793	22	15.001793	15	15.001793	12	15.001793	13
27.1	15.045636	18	15.045636	20	15.045636	13	15.045636	25
27.2	15.089903	23	15.089903	16	15.089903	20	15.089903	25
27.3	15.134009	25	15.134009	16	15.134009	14	15.134009	16
27.4	15.17854	15	15.17854	16	15.17854	20	15.17854	23
27.5	15.222912	17	15.222912	17	15.222912	18	15.222912	16
27.6	15.267709	24	15.267709	20	15.267709	18	15.267709	20
27.7	15.312347	15	15.312347	23	15.312347	20	15.312347	28
27.8	15.357413	22	15.357413	20	15.357413	21	15.357413	17
27.9	15.402319	19	15.402319	18	15.402319	18	15.402319	23
28	15.447654	22	15.447654	17	15.447654	21	15.447654	15
28.1	15.49283	22	15.49283	19	15.49283	20	15.49283	21
28.2	15.538436	22	15.538436	19	15.538436	21	15.538436	17
28.3	15.583884	14	15.583884	19	15.583884	23	15.583884	27
28.4	15.629764	21	15.629764	31	15.629764	24	15.629764	26
28.5	15.675484	27	15.675484	30	15.675484	19	15.675484	15
28.6	15.721639	18	15.721639	20	15.721639	22	15.721639	30
28.7	15.767633	25	15.767633	26	15.767633	18	15.767633	25
28.8	15.814065	29	15.814065	24	15.814065	22	15.814065	24
28.9	15.860336	17	15.860336	24	15.860336	31	15.860336	17
29	15.907046	32	15.907046	26	15.907046	21	15.907046	25
29.1	15.953595	25	15.953595	30	15.953595	27	15.953595	17
29.2	16.000586	26	16.000586	27	16.000586	24	16.000586	25
29.3	16.047414	26	16.047414	25	16.047414	25	16.047414	33
29.4	16.094688	22	16.094688	22	16.094688	28	16.094688	29
29.5	16.141797	22	16.141797	27	16.141797	26	16.141797	17
29.6	16.189355	26	16.189355	25	16.189355	23	16.189355	25
29.7	16.236747	20	16.236747	33	16.236747	27	16.236747	36
29.8	16.28459	29	16.28459	34	16.28459	28	16.28459	29
29.9	16.332267	28	16.332267	34	16.332267	25	16.332267	22
30	16.380399	31	16.380399	23	16.380399	25	16.380399	22
30.1	16.428362	30	16.428362	32	16.428362	34	16.428362	28
30.2	16.476783	23	16.476783	25	16.476783	32	16.476783	20
30.3	16.525035	28	16.525035	29	16.525035	29	16.525035	32
30.4	16.573747	28	16.573747	25	16.573747	34	16.573747	28
30.5	16.622288	30	16.622288	28	16.622288	27	16.622288	22
30.6	16.671295	26	16.671295	26	16.671295	26	16.671295	23
30.7	16.720127	39	16.720127	23	16.720127	39	16.720127	26
30.8	16.769429	32	16.769429	37	16.769429	26	16.769429	27
30.9	16.818555	33	16.818555	24	16.818555	31	16.818555	32
31	16.868154	38	16.868154	32	16.868154	33	16.868154	28
31.1	16.917575	30	16.917575	36	16.917575	36	16.917575	32
31.2	16.967474	44	16.967474	27	16.967474	29	16.967474	29
31.3	17.017191	37	17.017191	36	17.017191	30	17.017191	39
31.4	17.067228	34	17.067228	34	17.067228	28	17.067228	41
31.5	17.117572	38	17.117572	37	17.117572	34	17.117572	30
31.6	17.167746	38	17.167746	29	17.167746	33	17.167746	28
31.7	17.218394	39	17.218394	37	17.218394	39	17.218394	41
31.8	17.268869	28	17.268869	32	17.268869	38	17.268869	38
31.9	17.319824	40	17.319824	35	17.319824	32	17.319824	31
32	17.370602	42	17.370602	35	17.370602	37	17.370602	35
32.1	17.421865	35	17.421865	38	17.421865	32	17.421865	32
32.2	17.472948	34	17.472948	36	17.472948	30	17.472948	29
32.3	17.524522	33	17.524522	34	17.524522	32	17.524522	35
32.4	17.575911	40	17.575911	39	17.575911	33	17.575911	39
32.5	17.627798	25	17.627798	34	17.627798	33	17.627798	35
32.6	17.679665	39	17.679665	41	17.679665	43	17.679665	40
32.7	17.731526	44	17.731526	32	17.731526	36	17.731526	41
32.8	17.783877	41	17.783877	42	17.783877	33	17.783877	36
32.9	17.836049	37	17.836049	35	17.836049	36	17.836049	35
33	17.888718	41	17.888718	32	17.888718	40	17.888718	37
33.1	17.941203	43	17.941203	35	17.941203	39	17.941203	51
33.2	17.994192	46	17.994192	51	17.994192	46	17.994192	33
33.3	18.046993	46	18.046993	53	18.046993	36	18.046993	53
33.4	18.100303	39	18.100303	50	18.100303	43	18.100303	47
33.5	18.153595	46	18.153595	49	18.153595	43	18.153595	47
33.6	18.20688	45	18.20688	46	18.20688	41	18.20688	43
33.7	18.260669	46	18.260669	50	18.260669	44	18.260669	40
33.8	18.314274	43	18.314274	53	18.314274	48	18.314274	41
33.9	18.368391	37	18.368391	40	18.368391	41	18.368391	39
34	18.422317	53	18.422317	44	18.422317	54	18.422317	46
34.1	18.476763	50	18.476763	42	18.476763	45	18.476763	47
34.2	18.531191	42	18.531191	45	18.531191	52	18.531191	47
34.3	18.585613	54	18.585613	46	18.585613	46	18.585613	59
34.4	18.640549	42	18.640549	45	18.640549	43	18.640549	44
34.5	18.695297	45	18.695297	49	18.695297	41	18.695297	53
34.6	18.750568	46	18.750568	52	18.750568	46	18.750568	53
34.7	18.805645	47	18.805645	46	18.805645	52	18.805645	40
34.8	18.861253	61	18.861253	55	18.861253	52	18.861253	47
34.9	18.916842	48	18.916842	54	18.916842	60	18.916842	49
35	18.972425	47	18.972425	53	18.972425	48	18.972425	49
35.1	19.028534	65	19.028534	49	19.028534	52	19.028534	66
35.2	19.084451	58	19.084451	46	19.084451	47	19.084451	51
35.3	19.140903	47	19.140903	58	19.140903	45	19.140903	65
35.4	19.197155	60	19.197155	49	19.197155	56	19.197155	58
35.5	19.253768	56	19.253768	47	19.253768	65	19.253768	63
35.6	19.310729	67	19.310729	43	19.310729	48	19.310729	61
35.7	19.367498	71	19.367498	57	19.367498	53	19.367498	48
35.8	19.424808	59	19.424808	63	19.424808	65	19.424808	53
35.9	19.481918	54	19.481918	52	19.481918	61	19.481918	51
36	19.539393	48	19.539393	59	19.539393	61	19.539393	60
36.1	19.59722	62	19.59722	72	19.59722	58	19.59722	62
36.2	19.654855	53	19.654855	45	19.654855	55	19.654855	57
36.3	19.713037	60	19.713037	49	19.713037	56	19.713037	50
36.4	19.771018	66	19.771018	65	19.771018	62	19.771018	69
36.5	19.829368	60	19.829368	65	19.829368	46	19.829368	59
36.6	19.888077	64	19.888077	56	19.888077	59	19.888077	60
36.7	19.94659	71	19.94659	64	19.94659	57	19.94659	58
36.8	20.00566	63	20.00566	76	20.00566	60	20.00566	55
36.9	20.064524	69	20.064524	64	20.064524	58	20.064524	63
37	20.123765	65	20.123765	66	20.123765	64	20.123765	50
37.1	20.183369	67	20.183369	67	20.183369	71	20.183369	64
37.2	20.242775	50	20.242775	68	20.242775	80	20.242775	67
37.3	20.302746	63	20.302746	69	20.302746	74	20.302746	70
37.4	20.362508	58	20.362508	85	20.362508	57	20.362508	70
37.5	20.422653	68	20.422653	64	20.422653	63	20.422653	80
37.6	20.483168	66	20.483168	74	20.483168	76	20.483168	63
37.7	20.54348	75	20.54348	72	20.54348	66	20.54348	64
37.8	20.604368	71	20.604368	73	20.604368	64	20.604368	60
37.9	20.665239	65	20.665239	72	20.665239	81	20.665239	67
38	20.726105	77	20.726105	77	20.726105	73	20.726105	75
38.1	20.787546	67	20.787546	56	20.787546	74	20.787546	74
38.2	20.848779	72	20.848779	71	20.848779	80	20.848779	66
38.3	20.9104	85	20.9104	87	20.9104	68	20.9104	65
38.4	20.9724	80	20.9724	80	20.9724	66	20.9724	74
38.5	21.034196	71	21.034196	71	21.034196	85	21.034196	67
38.6	21.096578	83	21.096578	79	21.096578	75	21.096578	67
38.7	21.158946	80	21.158946	72	21.158946	58	21.158946	58
38.8	21.221309	75	21.221309	74	21.221309	72	21.221309	71
38.9	21.284261	78	21.284261	79	21.284261	68	21.284261	84
39	21.346999	62	21.346999	81	21.346999	72	21.346999	74
39.1	21.410136	85	21.410136	77	21.410136	74	21.410136	85
39.2	21.473661	76	21.473661	93	21.473661	74	21.473661	89
39.3	21.536977	89	21.536977	84	21.536977	90	21.536977	66
39.4	21.600896	77	21.600896	63	21.600896	76	21.600896	80
39.5	21.664798	60	21.664798	78	21.664798	73	21.664798	84
39.6	21.728697	87	21.728697	78	21.728697	84	21.728697	85
39.7	21.793198	74	21.793198	97	21.793198	88	21.793198	92
39.8	21.857481	96	21.857481	98	21.857481	74	21.857481	70
39.9	21.922174	87	21.922174	66	21.922174	85	21.922174	88
40	21.987265	67	21.987265	88	21.987265	87	21.987265	101
40.1	22.052139	99	22.052139	88	22.052139	75	22.052139	84
40.2	22.117426	94	22.117426	94	22.117426	92	22.117426	88
40.3	22.183112	86	22.183112	84	22.183112	77	22.183112	90
40.4	22.248584	91	22.248584	102	22.248584	82	22.248584	88
40.5	22.314679	96	22.314679	88	22.314679	95	22.314679	86
40.6	22.380758	92	22.380758	82	22.380758	98	22.380758	95
40.7	22.446833	99	22.446833	96	22.446833	87	22.446833	90
40.8	22.513534	106	22.513534	103	22.513534	99	22.513534	96
40.9	22.58022	92	22.58022	89	22.58022	85	22.58022	95
41	22.646903	92	22.646903	81	22.646903	74	22.646903	88
41.1	22.714215	82	22.714215	91	22.714215	100	22.714215	89
41.2	22.7813	96	22.7813	98	22.7813	106	22.7813	88
41.3	22.848813	116	22.848813	90	22.848813	99	22.848813	106
41.4	22.916743	92	22.916743	85	22.916743	108	22.916743	113
41.5	22.984445	106	22.984445	103	22.984445	92	22.984445	104
41.6	23.052579	103	23.052579	111	23.052579	109	23.052579	101
41.7	23.121134	111	23.121134	87	23.121134	111	23.121134	101
41.8	23.18946	113	23.18946	86	23.18946	90	23.18946	110
41.9	23.258222	103	23.258222	112	23.258222	110	23.258222	105
42	23.327406	105	23.327406	102	23.327406	91	23.327406	102
42.1	23.396363	132	23.396363	84	23.396363	122	23.396363	94
42.2	23.465757	110	23.465757	119	23.465757	113	23.465757	99
42.3	23.535579	111	23.535579	102	23.535579	111	23.535579	119
42.4	23.605171	98	23.605171	115	23.605171	124	23.605171	102
42.5	23.675206	110	23.675206	120	23.675206	131	23.675206	113
42.6	23.745671	129	23.745671	118	23.745671	121	23.745671	99
42.7	23.815905	130	23.815905	109	23.815905	118	23.815905	106
42.8	23.886585	114	23.886585	103	23.886585	104	23.886585	125
42.9	23.9577	113	23.9577	118	23.9577	119	23.9577	123
43	24.028582	111	24.028582	114	24.028582	119	24.028582	98
43.1	24.099915	116	24.099915	104	24.099915	110	24.099915	115
43.2	24.171686	127	24.171686	124	24.171686	129	24.171686	108
43.3	24.243223	118	24.243223	105	24.243223	126	24.243223	115
43.4	24.315214	103	24.315214	97	24.315214	128	24.315214	128
43.5	24.387648	108	24.387648	117	24.387648	111	24.387648	116
43.6	24.459845	135	24.459845	131	24.459845	120	24.459845	110
43.7	24.532502	133	24.532502	98	24.532502	119	24.532502	115
43.8	24.605606	134	24.605606	115	24.605606	123	24.605606	119
43.9	24.67847	139	24.67847	118	24.67847	126	24.67847	106
44	24.751798	119	24.751798	105	24.751798	123	24.751798	122
44.1	24.825579	133	24.825579	124	24.825579	113	24.825579	127
44.2	24.89935	136	24.89935	118	24.89935	122	24.89935	141
44.3	24.973122	118	24.973122	127	24.973122	120	24.973122	124
44.4	25.047588	140	25.047588	137	25.047588	132	25.047588	134
44.5	25.122041	132	25.122041	133	25.122041	129	25.122041	114
44.6	25.196495	138	25.196495	114	25.196495	124	25.196495	137
44.7	25.271652	128	25.271652	123	25.271652	124	25.271652	140
44.8	25.346795	130	25.346795	116	25.346795	128	25.346795	123
44.9	25.421936	133	25.421936	141	25.421936	142	25.421936	136
45	25.497552	131	25.497552	149	25.497552	127	25.497552	134
45.1	25.573631	127	25.573631	135	25.573631	128	25.573631	136
45.2	25.649467	129	25.649467	129	25.649467	151	25.649467	120
45.3	25.725783	140	25.725783	150	25.725783	129	25.725783	146
45.4	25.80257	130	25.80257	160	25.80257	129	25.80257	142
45.5	25.879107	137	25.879107	137	25.879107	138	25.879107	134
45.6	25.956132	154	25.956132	159	25.956132	146	25.956132	122
45.7	26.033633	147	26.033633	137	26.033633	135	26.033633	149
45.8	26.111125	155	26.111125	147	26.111125	128	26.111125	168
45.9	26.188618	144	26.188618	128	26.188618	146	26.188618	140
46	26.266842	143	26.266842	176	26.266842	153	26.266842	123
46.1	26.345053	161	26.345053	148	26.345053	126	26.345053	140
46.2	26.423264	157	26.423264	168	26.423264	177	26.423264	138
46.3	26.501968	152	26.501968	152	26.501968	154	26.501968	159
46.4	26.581156	145	26.581156	146	26.581156	143	26.581156	130
46.5	26.66009	163	26.66009	156	26.66009	163	26.66009	144
46.6	26.739526	165	26.739526	149	26.739526	134	26.739526	139
46.7	26.819454	132	26.819454	154	26.819454	162	26.819454	166
46.8	26.899373	156	26.899373	137	26.899373	156	26.899373	152
46.9	26.979295	148	26.979295	146	26.979295	138	26.979295	154
47	27.059718	158	27.059718	152	27.059718	150	27.059718	162
47.1	27.140633	163	27.140633	154	27.140633	156	27.140633	175
47.2	27.221294	170	27.221294	143	27.221294	148	27.221294	181
47.3	27.302467	158	27.302467	161	27.302467	151	27.302467	161
47.4	27.384141	184	27.384141	154	27.384141	151	27.384141	146
47.5	27.465807	179	27.465807	156	27.465807	143	27.465807	157
47.6	27.547478	169	27.547478	139	27.547478	170	27.547478	153
47.7	27.629918	149	27.629918	176	27.629918	154	27.629918	167
47.8	27.712346	169	27.712346	180	27.712346	189	27.712346	177
47.9	27.794774	170	27.794774	153	27.794774	196	27.794774	179
48	27.877723	146	27.877723	173	27.877723	189	27.877723	165
48.1	27.961185	180	27.961185	162	27.961185	176	27.961185	182
48.2	28.04464	189	28.04464	192	28.04464	158	28.04464	197
48.3	28.128101	155	28.128101	183	28.128101	171	28.128101	160
48.4	28.212085	179	28.212085	165	28.212085	175	28.212085	177
48.5	28.296582	183	28.296582	160	28.296582	172	28.296582	177
48.6	28.380817	191	28.380817	187	28.380817	165	28.380817	186
48.7	28.465586	177	28.465586	161	28.465586	167	28.465586	189
48.8	28.55088	201	28.55088	199	28.55088	151	28.55088	172
48.9	28.636166	163	28.636166	196	28.636166	191	28.636166	179
49	28.721457	210	28.721457	191	28.721457	181	28.721457	188
49.1	28.807285	199	28.807285	197	28.807285	189	28.807285	164
49.2	28.89364	191	28.89364	174	28.89364	184	28.89364	188
49.3	28.979992	169	28.979992	208	28.979992	189	28.979992	174
49.4	29.066354	193	29.066354	171	29.066354	198	29.066354	201
49.5	29.153524	186	29.153524	202	29.153524	191	29.153524	185
49.6	29.240685	182	29.240685	178	29.240685	202	29.240685	208
49.7	29.327849	192	29.327849	175	29.327849	175	29.327849	212
49.8	29.415564	191	29.415564	222	29.415564	213	29.415564	194
49.9	29.503822	195	29.503822	197	29.503822	193	29.503822	167
50	29.592075	213	29.592075	197	29.592075	190	29.592075	197
50.1	29.680333	193	29.680333	208	29.680333	189	29.680333	201
50.2	29.769147	205	29.769147	203	29.769147	197	29.769147	215
50.3	29.858508	205	29.858508	167	29.858508	210	29.858508	213
50.4	29.947866	194	29.947866	209	29.947866	188	29.947866	204
50.5	30.037234	199	30.037234	214	30.037234	215	30.037234	203
50.6	30.127162	208	30.127162	213	30.127162	182	30.127162	179
50.7	30.217641	210	30.217641	232	30.217641	205	30.217641	199
50.8	30.308121	191	30.308121	206	30.308121	210	30.308121	206
50.9	30.398612	217	30.398612	224	30.398612	199	30.398612	208
51	30.489669	191	30.489669	205	30.489669	215	30.489669	207
51.1	30.581282	208	30.581282	224	30.581282	207	30.581282	201
51.2	30.672898	193	30.672898	219	30.672898	181	30.672898	218
51.3	30.764528	199	30.764528	220	30.764528	200	30.764528	211
51.4	30.856729	211	30.856729	210	30.856729	224	30.856729	213
51.5	30.949492	206	30.949492	224	30.949492	212	30.949492	229
51.6	31.04226	219	31.04226	213	31.04226	225	31.04226	199
51.7	31.135044	210	31.135044	214	31.135044	226	31.135044	197
51.8	31.228692	216	31.228692	196	31.228692	208	31.228692	187
51.9	31.322334	206	31.322334	203	31.322334	187	31.322334	253
52	31.415981	221	31.415981	196	31.415981	236	31.415981	224
52.1	31.510222	218	31.510222	214	31.510222	225	31.510222	221
52.2	31.605049	254	31.605049	189	31.605049	251	31.605049	222
52.3	31.699871	233	31.699871	201	31.699871	213	31.699871	253
52.4	31.794698	231	31.794698	240	31.794698	222	31.794698	232
52.5	31.890128	235	31.890128	244	31.890128	230	31.890128	248
52.6	31.985856	235	31.985856	227	31.985856	243	31.985856	245
52.7	32.082168	242	32.082168	225	32.082168	246	32.082168	239
52.8	32.178487	251	32.178487	261	32.178487	233	32.178487	217
52.9	32.274825	232	32.274825	223	32.274825	271	32.274825	234
53	32.371762	240	32.371762	257	32.371762	267	32.371762	221
53.1	32.46929	248	32.46929	261	32.46929	256	32.46929	236
53.2	32.566825	271	32.566825	239	32.566825	226	32.566825	245
53.3	32.664379	222	32.664379	278	32.664379	226	32.664379	228
53.4	32.762541	242	32.762541	268	32.762541	243	32.762541	248
53.5	32.861303	257	32.861303	252	32.861303	242	32.861303	251
53.6	32.960072	269	32.960072	253	32.960072	240	32.960072	249
53.7	33.058859	264	33.058859	246	33.058859	257	33.058859	279
53.8	33.158263	247	33.158263	254	33.158263	243	33.158263	252
53.9	33.258276	297	33.258276	255	33.258276	263	33.258276	248
54	33.358296	273	33.358296	254	33.358296	278	33.358296	266
54.1	33.458331	259	33.458331	236	33.458331	260	33.458331	259
54.2	33.558994	251	33.558994	255	33.558994	239	33.558994	258
54.3	33.660278	231	33.660278	253	33.660278	265	33.660278	266
54.4	33.761565	256	33.761565	252	33.761565	250	33.761565	253
54.5	33.862864	278	33.862864	249	33.862864	264	33.862864	276
54.6	33.964804	279	33.964804	239	33.964804	278	33.964804	282
54.7	34.067066	272	34.067066	291	34.067066	269	34.067066	249
54.8	34.169949	281	34.169949	255	34.169949	269	34.169949	270
54.9	34.272845	263	34.272845	267	34.272845	272	34.272845	263
55	34.375765	278	34.375765	297	34.375765	279	34.375765	274
55.1	34.479325	283	34.479325	263	34.479325	281	34.479325	286
55.2	34.58352	266	34.58352	258	34.58352	286	34.58352	282
55.3	34.687724	307	34.687724	283	34.687724	263	34.687724	298
55.4	34.791947	285	34.791947	287	34.791947	267	34.791947	273
55.5	34.896825	303	34.896825	277	34.896825	305	34.896825	286
55.6	35.00235	311	35.00235	281	35.00235	294	35.00235	292
55.7	35.10788	292	35.10788	275	35.10788	308	35.10788	283
55.8	35.213745	293	35.213745	282	35.213745	284	35.213745	303
55.9	35.319637	342	35.319637	321	35.319637	313	35.319637	322
56	35.426187	299	35.426187	328	35.426187	300	35.426187	279
56.1	35.533387	275	35.533387	323	35.533387	293	35.533387	296
56.2	35.640601	261	35.640601	302	35.640601	320	35.640601	298
56.3	35.747837	318	35.747837	298	35.747837	293	35.747837	292
56.4	35.855746	303	35.855746	297	35.855746	265	35.855746	294
56.5	35.964321	288	35.964321	291	35.964321	307	35.964321	296
56.6	36.072903	310	36.072903	312	36.072903	274	36.072903	305
56.7	36.18183	301	36.18183	286	36.18183	324	36.18183	305
56.8	36.290787	318	36.290787	301	36.290787	291	36.290787	292
56.9	36.400421	302	36.400421	297	36.400421	335	36.400421	292
57	36.510726	301	36.510726	343	36.510726	337	36.510726	325
57.1	36.621045	318	36.621045	300	36.621045	301	36.621045	328
57.2	36.731387	313	36.731387	298	36.731387	286	36.731387	315
57.3	36.842423	310	36.842423	346	36.842423	312	36.842423	316
57.4	36.953813	321	36.953813	327	36.953813	310	36.953813	300
57.5	37.065881	312	37.065881	311	37.065881	308	37.065881	332
57.6	37.177968	321	37.177968	294	37.177968	327	37.177968	335
57.7	37.290084	306	37.290084	351	37.290084	301	37.290084	308
57.8	37.402901	347	37.402901	310	37.402901	329	37.402901	359
57.9	37.516415	347	37.516415	307	37.516415	316	37.516415	303
58	37.629939	325	37.629939	311	37.629939	309	37.629939	332
58.1	37.743826	338	37.743826	349	37.743826	290	37.743826	356
58.2	37.857746	325	37.857746	286	37.857746	315	37.857746	304
58.3	37.972376	297	37.972376	297	37.972376	321	37.972376	341
58.4	38.08771	316	38.08771	317	38.08771	297	38.08771	309
58.5	38.20306	349	38.20306	343	38.20306	334	38.20306	319
58.6	38.318778	306	38.318778	350	38.318778	330	38.318778	340
58.7	38.434534	336	38.434534	340	38.434534	335	38.434534	337
58.8	38.551008	347	38.551008	325	38.551008	343	38.551008	311
58.9	38.668197	343	38.668197	362	38.668197	359	38.668197	369
59	38.785404	347	38.785404	327	38.785404	329	38.785404	343
59.1	38.902987	378	38.902987	328	38.902987	353	38.902987	333
59.2	39.02061	339	39.02061	303	39.02061	315	39.02061	346
59.3	39.138962	350	39.138962	360	39.138962	331	39.138962	316
59.4	39.258039	380	39.258039	351	39.258039	355	39.258039	345
59.5	39.377137	384	39.377137	335	39.377137	351	39.377137	368
59.6	39.496617	367	39.496617	291	39.496617	361	39.496617	352
59.7	39.61614	339	39.61614	347	39.61614	361	39.61614	337
59.8	39.736403	353	39.736403	351	39.736403	368	39.736403	345
59.9	39.857404	377	39.857404	350	39.857404	365	39.857404	329
60	39.978427	323	39.978427	383	39.978427	344	39.978427	381
60.1	40.099839	351	40.099839	347	40.099839	401	40.099839	341
60.2	40.221294	386	40.221294	322	40.221294	350	40.221294	335
60.3	40.343503	377	40.343503	357	40.343503	364	40.343503	362
60.4	40.466463	366	40.466463	348	40.466463	345	40.466463	374
60.5	40.589445	368	40.589445	383	40.589445	383	40.589445	334
60.6	40.712824	400	40.712824	385	40.712824	358	40.712824	372
60.7	40.836245	390	40.836245	398	40.836245	381	40.836245	364
60.8	40.960435	383	40.960435	363	40.960435	389	40.960435	386
60.9	41.085391	386	41.085391	383	41.085391	378	41.085391	380
61	41.210368	401	41.210368	369	41.210368	396	41.210368	389
61.1	41.335749	391	41.335749	391	41.335749	454	41.335749	380
61.2	41.461171	406	41.461171	398	41.461171	381	41.461171	379
61.3	41.587377	396	41.587377	351	41.587377	393	41.587377	373
61.4	41.713991	397	41.713991	407	41.713991	378	41.713991	369
61.5	41.841375	388	41.841375	391	41.841375	374	41.841375	391
61.6	41.968794	358	41.968794	393	41.968794	406	41.968794	368
61.7	42.096251	388	42.096251	392	42.096251	387	42.096251	414
61.8	42.224511	419	42.224511	385	42.224511	414	42.224511	436
61.9	42.353186	380	42.353186	390	42.353186	400	42.353186	388
62	42.48265	398	42.48265	398	42.48265	400	42.48265	372
62.1	42.612144	401	42.612144	402	42.612144	384	42.612144	402
62.2	42.742058	430	42.742058	426	42.742058	435	42.742058	422
62.3	42.872023	362	42.872023	345	42.872023	407	42.872023	387
62.4	43.002796	380	43.002796	419	43.002796	416	43.002796	387
62.5	43.133994	426	43.133994	406	43.133994	403	43.133994	390
62.6	43.265986	416	43.265986	415	43.265986	396	43.265986	417
62.7	43.398021	405	43.398021	396	43.398021	397	43.398021	393
62.8	43.530101	424	43.530101	402	43.530101	378	43.530101	402
62.9	43.663011	393	43.663011	422	43.663011	421	43.663011	423
63	43.796353	414	43.796353	416	43.796353	433	43.796353	383
63.1	43.930513	434	43.930513	408	43.930513	402	43.930513	414
63.2	44.064708	431	44.064708	403	44.064708	434	44.064708	422
63.3	44.19934	406	44.19934	470	44.19934	377	44.19934	421
63.4	44.334026	448	44.334026	427	44.334026	428	44.334026	447
63.5	44.469553	431	44.469553	417	44.469553	433	44.469553	433
63.6	44.60552	438	44.60552	436	44.60552	427	44.60552	440
63.7	44.742316	422	44.742316	462	44.742316	429	44.742316	425
63.8	44.879155	482	44.879155	435	44.879155	435	44.879155	415
63.9	45.016442	416	45.016442	460	45.016442	398	45.016442	440
64	45.153791	457	45.153791	446	45.153791	394	45.153791	442
64.1	45.291991	448	45.291991	474	45.291991	450	45.291991	424
64.2	45.430643	453	45.430643	406	45.430643	462	45.430643	411
64.3	45.570134	453	45.570134	492	45.570134	446	45.570134	435
64.4	45.709677	442	45.709677	433	45.709677	461	45.709677	445
64.5	45.849677	457	45.849677	446	45.849677	446	45.849677	481
64.6	45.989746	449	45.989746	442	45.989746	439	45.989746	438
64.7	46.13068	485	46.13068	454	46.13068	482	46.13068	430
64.8	46.272076	480	46.272076	415	46.272076	434	46.272076	471
64.9	46.414325	472	46.414325	444	46.414325	477	46.414325	441
65	46.556632	468	46.556632	470	46.556632	434	46.556632	435
65.1	46.699406	451	46.699406	461	46.699406	426	46.699406	444
65.2	46.842255	453	46.842255	470	46.842255	427	46.842255	433
65.3	46.985984	473	46.985984	415	46.985984	433	46.985984	470
65.4	47.130184	432	47.130184	457	47.130184	466	47.130184	494
65.5	47.275256	459	47.275256	449	47.275256	454	47.275256	441
65.6	47.420389	449	47.420389	426	47.420389	485	47.420389	470
65.7	47.565999	506	47.565999	457	47.565999	469	47.565999	438
65.8	47.711687	499	47.711687	477	47.711687	464	47.711687	493
65.9	47.858274	499	47.858274	485	47.858274	480	47.858274	486
66	48.005343	531	48.005343	512	48.005343	432	48.005343	468
66.1	48.153302	455	48.153302	485	48.153302	462	48.153302	464
66.2	48.301324	499	48.301324	498	48.301324	466	48.301324	462
66.3	48.449835	506	48.449835	463	48.449835	447	48.449835	506
66.4	48.598424	481	48.598424	492	48.598424	470	48.598424	496
66.5	48.747934	473	48.747934	484	48.747934	467	48.747934	513
66.6	48.897936	501	48.897936	477	48.897936	490	48.897936	471
66.7	49.04885	476	49.04885	484	49.04885	474	49.04885	490
66.8	49.199827	485	49.199827	479	49.199827	514	49.199827	478
66.9	49.351304	489	49.351304	466	49.351304	529	49.351304	494
67	49.502859	506	49.502859	508	49.502859	523	49.502859	505
67.1	49.655357	482	49.655357	482	49.655357	453	49.655357	476
67.2	49.808359	524	49.808359	481	49.808359	510	49.808359	566
67.3	49.962298	515	49.962298	497	49.962298	458	49.962298	495
67.4	50.116297	493	50.116297	502	50.116297	482	50.116297	533
67.5	50.270807	550	50.270807	463	50.270807	495	50.270807	466
67.6	50.42583	498	50.42583	467	50.42583	515	50.42583	515
67.7	50.580947	505	50.580947	488	50.580947	482	50.580947	499
67.8	50.737018	492	50.737018	484	50.737018	482	50.737018	508
67.9	50.893607	508	50.893607	511	50.893607	500	50.893607	484
68	51.051144	507	51.051144	498	51.051144	521	51.051144	520
68.1	51.208757	540	51.208757	498	51.208757	523	51.208757	516
68.2	51.366894	534	51.366894	511	51.366894	570	51.366894	499
68.3	51.525121	538	51.525121	499	51.525121	503	51.525121	528
68.4	51.684331	485	51.684331	539	51.684331	498	51.684331	522
68.5	51.84407	512	51.84407	509	51.84407	550	51.84407	522
68.6	52.004789	532	52.004789	568	52.004789	521	52.004789	519
68.7	52.165576	519	52.165576	491	52.165576	533	52.165576	524
68.8	52.3269	542	52.3269	502	52.3269	527	52.3269	544
68.9	52.488762	538	52.488762	573	52.488762	557	52.488762	534
69	52.650725	527	52.650725	532	52.650725	542	52.650725	504
69.1	52.813688	532	52.813688	552	52.813688	506	52.813688	520
69.2	52.977196	526	52.977196	508	52.977196	485	52.977196	551
69.3	53.1417	544	53.1417	585	53.1417	551	53.1417	550
69.4	53.306284	510	53.306284	550	53.306284	531	53.306284	559
69.5	53.471418	549	53.471418	566	53.471418	515	53.471418	532
69.6	53.637106	517	53.637106	565	53.637106	501	53.637106	528
69.7	53.802904	538	53.802904	519	53.802904	559	53.802904	551
69.8	53.969722	524	53.969722	592	53.969722	566	53.969722	535
69.9	54.1371	546	54.1371	549	54.1371	558	54.1371	533
70	54.305496	530	54.305496	579	54.305496	549	54.305496	511
70.1	54.473979	552	54.473979	523	54.473979	539	54.473979	584
70.2	54.643028	549	54.643028	527	54.643028	557	54.643028	537
70.3	54.812645	542	54.812645	564	54.812645	542	54.812645	536
70.4	54.982379	528	54.982379	537	54.982379	519	54.982379	546
70.5	55.153158	564	55.153158	536	55.153158	551	55.153158	565
70.6	55.324511	577	55.324511	557	55.324511	579	55.324511	554
70.7	55.496909	553	55.496909	517	55.496909	557	55.496909	564
70.8	55.669397	534	55.669397	550	55.669397	562	55.669397	571
70.9	55.842467	543	55.842467	552	55.842467	561	55.842467	567
71	56.016122	524	56.016122	556	56.016122	564	56.016122	571
71.1	56.189897	603	56.189897	556	56.189897	597	56.189897	522
71.2	56.364745	590	56.364745	533	56.364745	580	56.364745	571
71.3	56.540183	600	56.540183	551	56.540183	570	56.540183	580
71.4	56.716213	571	56.716213	537	56.716213	579	56.716213	565
71.5	56.893299	535	56.893299	572	56.893299	572	56.893299	586
71.6	57.070501	588	57.070501	600	57.070501	578	57.070501	577
71.7	57.248304	598	57.248304	568	57.248304	594	57.248304	565
71.8	57.426228	606	57.426228	619	57.426228	588	57.426228	608
71.9	57.605257	549	57.605257	570	57.605257	572	57.605257	581
72	57.784893	551	57.784893	628	57.784893	586	57.784893	601
72.1	57.965137	582	57.965137	572	57.965137	603	57.965137	585
72.2	58.146471	620	58.146471	579	58.146471	582	58.146471	588
72.3	58.32792	594	58.32792	608	58.32792	567	58.32792	621
72.4	58.509985	585	58.509985	592	58.509985	555	58.509985	582
72.5	58.692669	600	58.692669	587	58.692669	573	58.692669	609
72.6	58.875496	611	58.875496	609	58.875496	596	58.875496	549
72.7	59.059445	575	59.059445	574	59.059445	623	59.059445	585
72.8	59.244021	571	59.244021	616	59.244021	620	59.244021	577
72.9	59.429224	616	59.429224	577	59.429224	569	59.429224	594
73	59.615538	596	59.615538	564	59.615538	625	59.615538	588
73.1	59.801985	602	59.801985	553	59.801985	590	59.801985	571
73.2	59.989069	597	59.989069	594	59.989069	564	59.989069	584
73.3	60.176288	618	60.176288	565	60.176288	588	60.176288	611
73.4	60.364672	596	60.364672	624	60.364672	587	60.364672	588
73.5	60.5537	595	60.5537	614	60.5537	573	60.5537	637
73.6	60.743374	628	60.743374	645	60.743374	619	60.743374	581
73.7	60.934203	545	60.934203	586	60.934203	601	60.934203	576
73.8	61.125154	566	61.125154	644	61.125154	609	61.125154	619
73.9	61.316761	619	61.316761	567	61.316761	612	61.316761	607
74	61.509023	589	61.509023	579	61.509023	616	61.509023	597
74.1	61.701434	601	61.701434	579	61.701434	642	61.701434	597
74.2	61.89504	623	61.89504	587	61.89504	611	61.89504	590
74.3	62.08931	594	62.08931	576	62.08931	610	62.08931	634
74.4	62.284247	586	62.284247	633	62.284247	623	62.284247	628
74.5	62.48037	582	62.48037	602	62.48037	601	62.48037	626
74.6	62.676626	636	62.676626	616	62.676626	623	62.676626	610
74.7	62.873558	646	62.873558	632	62.873558	591	62.873558	654
74.8	63.071168	619	63.071168	573	63.071168	651	63.071168	599
74.9	63.268935	624	63.268935	633	63.268935	617	63.268935	630
75	63.467932	616	63.467932	589	63.467932	618	63.467932	608
75.1	63.667614	631	63.667614	637	63.667614	650	63.667614	627
75.2	63.867985	596	63.867985	577	63.867985	619	63.867985	627
75.3	64.069047	623	64.069047	579	64.069047	624	64.069047	659
75.4	64.271314	625	64.271314	666	64.271314	599	64.271314	602
75.5	64.473745	622	64.473745	627	64.473745	630	64.473745	610
75.6	64.676877	601	64.676877	647	64.676877	620	64.676877	632
75.7	64.880712	622	64.880712	615	64.880712	612	64.880712	629
75.8	65.084733	623	65.084733	634	65.084733	666	65.084733	659
75.9	65.290005	662	65.290005	628	65.290005	635	65.290005	701
76	65.495988	678	65.495988	635	65.495988	663	65.495988	609
76.1	65.702685	614	65.702685	582	65.702685	629	65.702685	621
76.2	65.910631	638	65.910631	613	65.910631	633	65.910631	601
76.3	66.118742	609	66.118742	623	66.118742	615	66.118742	641
76.4	66.327577	622	66.327577	617	66.327577	655	66.327577	677
76.5	66.537139	652	66.537139	638	66.537139	607	66.537139	636
76.6	66.746885	611	66.746885	626	66.746885	603	66.746885	644
76.7	66.957931	660	66.957931	607	66.957931	644	66.957931	635
76.8	67.169712	674	67.169712	600	67.169712	647	67.169712	658
76.9	67.382231	661	67.382231	624	67.382231	684	67.382231	623
77	67.59549	642	67.59549	648	67.59549	646	67.59549	651
77.1	67.810029	652	67.810029	649	67.810029	653	67.810029	623
77.2	68.024756	602	68.024756	677	68.024756	659	68.024756	673
77.3	68.240234	631	68.240234	647	68.240234	666	68.240234	655
77.4	68.456465	628	68.456465	660	68.456465	671	68.456465	612
77.5	68.672901	639	68.672901	645	68.672901	691	68.672901	627
77.6	68.890673	622	68.890673	644	68.890673	703	68.890673	654
77.7	69.109207	660	69.109207	659	69.109207	677	69.109207	693
77.8	69.328506	624	69.328506	623	69.328506	656	69.328506	639
77.9	69.548574	624	69.548574	668	69.548574	659	69.548574	608
78	69.769961	673	69.769961	593	69.769961	644	69.769961	643
78.1	69.991553	679	69.991553	638	69.991553	689	69.991553	724
78.2	70.213924	661	70.213924	629	70.213924	654	70.213924	659
78.3	70.437077	644	70.437077	638	70.437077	653	70.437077	662
78.4	70.660449	660	70.660449	697	70.660449	676	70.660449	654
78.5	70.8852	647	70.8852	680	70.8852	643	70.8852	661
78.6	71.110743	647	71.110743	664	71.110743	678	71.110743	648
78.7	71.33708	647	71.33708	665	71.33708	635	71.33708	683
78.8	71.564216	659	71.564216	656	71.564216	636	71.564216	663
78.9	71.792717	652	71.792717	648	71.792717	655	71.792717	654
79	72.021434	684	72.021434	690	72.021434	644	72.021434	670
79.1	72.250959	660	72.250959	601	72.250959	656	72.250959	688
79.2	72.481298	623	72.481298	670	72.481298	668	72.481298	653
79.3	72.712451	688	72.712451	638	72.712451	651	72.712451	661
79.4	72.94386	661	72.94386	680	72.94386	665	72.94386	689
79.5	73.176679	625	73.176679	625	73.176679	652	73.176679	638
79.6	73.410324	682	73.410324	622	73.410324	643	73.410324	604
79.7	73.644797	668	73.644797	677	73.644797	685	73.644797	653
79.8	73.880692	628	73.880692	637	73.880692	661	73.880692	703
79.9	74.116808	638	74.116808	630	74.116808	684	74.116808	719
80	74.353763	668	74.353763	672	74.353763	716	74.353763	692
80.1	74.591562	678	74.591562	673	74.591562	650	74.591562	669
80.2	74.830208	678	74.830208	627	74.830208	656	74.830208	660
80.3	75.06911	662	75.06911	658	75.06911	657	75.06911	705
80.4	75.309487	683	75.309487	689	75.309487	650	75.309487	724
80.5	75.55072	693	75.55072	666	75.55072	630	75.55072	666
80.6	75.792815	675	75.792815	665	75.792815	695	75.792815	632
80.7	76.035773	663	76.035773	671	76.035773	671	76.035773	644
80.8	76.2802	668	76.2802	652	76.2802	683	76.2802	696
80.9	76.524872	656	76.524872	701	76.524872	659	76.524872	651
81	76.770421	668	76.770421	660	76.770421	703	76.770421	652
81.1	77.01685	684	77.01685	696	77.01685	692	77.01685	662
81.2	77.264163	660	77.264163	701	77.264163	641	77.264163	642
81.3	77.511755	695	77.511755	657	77.511755	718	77.511755	654
81.4	77.760874	688	77.760874	673	77.760874	680	77.760874	651
81.5	78.010886	693	78.010886	700	78.010886	706	78.010886	663
81.6	78.261797	651	78.261797	677	78.261797	651	78.261797	696
81.7	78.51361	696	78.51361	696	78.51361	659	78.51361	728
81.8	78.766948	682	78.766948	701	78.766948	684	78.766948	630
81.9	79.02055	691	79.02055	645	79.02055	621	79.02055	688
82	79.275067	670	79.275067	696	79.275067	664	79.275067	659
82.1	79.530502	679	79.530502	647	79.530502	679	79.530502	668
82.2	79.78686	657	79.78686	667	79.78686	712	79.78686	656
82.3	80.044145	658	80.044145	666	80.044145	669	80.044145	671
82.4	80.301755	682	80.301755	663	80.301755	681	80.301755	723
82.5	80.560931	706	80.560931	652	80.560931	736	80.560931	648
82.6	80.821045	695	80.821045	715	80.821045	686	80.821045	712
82.7	81.082101	652	81.082101	687	81.082101	682	81.082101	680
82.8	81.344103	687	81.344103	702	81.344103	677	81.344103	626
82.9	81.607677	666	81.607677	688	81.607677	673	81.607677	702
83	81.871556	728	81.871556	691	81.871556	692	81.871556	672
83.1	82.136395	703	82.136395	713	82.136395	664	82.136395	674
83.2	82.402198	701	82.402198	680	82.402198	652	82.402198	676
83.3	82.668968	698	82.668968	711	82.668968	699	82.668968	661
83.4	82.936069	695	82.936069	666	82.936069	708	82.936069	659
83.5	83.204815	726	83.204815	699	83.204815	689	83.204815	645
83.6	83.474541	699	83.474541	688	83.474541	699	83.474541	679
83.7	83.74525	684	83.74525	726	83.74525	675	83.74525	729
83.8	84.016948	662	84.016948	686	84.016948	666	84.016948	702
83.9	84.289638	655	84.289638	670	84.289638	685	84.289638	667
84	84.56396	754	84.56396	670	84.56396	688	84.56396	685
84.1	84.838621	666	84.838621	682	84.838621	689	84.838621	673
84.2	85.114289	669	85.114289	686	85.114289	651	85.114289	632
84.3	85.390968	712	85.390968	662	85.390968	703	85.390968	699
84.4	85.668662	656	85.668662	704	85.668662	697	85.668662	646
84.5	85.947377	697	85.947377	701	85.947377	657	85.947377	693
84.6	86.226484	692	86.226484	719	86.226484	682	86.226484	684
84.7	86.50728	732	86.50728	671	86.50728	735	86.50728	699
84.8	86.789109	705	86.789109	636	86.789109	708	86.789109	691
84.9	87.071975	695	87.071975	702	87.071975	666	87.071975	687
85	87.355883	693	87.355883	678	87.355883	720	87.355883	681
85.1	87.6415	684	87.6415	651	87.6415	718	87.6415	664
85.2	87.927477	687	87.927477	659	87.927477	690	87.927477	709
85.3	88.214512	750	88.214512	684	88.214512	645	88.214512	707
85.4	88.502608	693	88.502608	668	88.502608	689	88.502608	628
85.5	88.791771	715	88.791771	687	88.791771	663	88.791771	677
85.6	89.082006	651	89.082006	693	89.082006	746	89.082006	720
85.7	89.37265	668	89.37265	681	89.37265	692	89.37265	659
85.8	89.66507	652	89.66507	701	89.66507	656	89.66507	634
85.9	89.958575	656	89.958575	683	89.958575	688	89.958575	677
86	90.25317	718	90.25317	718	90.25317	675	90.25317	713
86.1	90.548858	718	90.548858	681	90.548858	677	90.548858	651
86.2	90.845647	643	90.845647	715	90.845647	685	90.845647	721
86.3	91.144214	717	91.144214	669	91.144214	675	91.144214	659
86.4	91.443187	671	91.443187	658	91.443187	659	91.443187	673
86.5	91.743275	706	91.743275	653	91.743275	689	91.743275	677
86.6	92.044484	674	92.044484	666	92.044484	713	92.044484	688
86.7	92.346819	679	92.346819	673	92.346819	728	92.346819	692
86.8	92.650285	678	92.650285	660	92.650285	694	92.650285	723
86.9	92.954201	689	92.954201	675	92.954201	630	92.954201	716
87	93.259974	724	93.259974	691	93.259974	704	93.259974	717
87.1	93.566892	679	93.566892	667	93.566892	682	93.566892	720
87.2	93.87496	689	93.87496	679	93.87496	698	93.87496	688
87.3	94.184184	696	94.184184	682	94.184184	716	94.184184	679
87.4	94.494568	668	94.494568	642	94.494568	642	94.494568	571
87.5	94.806821	672	94.806821	658	94.806821	658	94.806821	711
87.6	95.119512	659	95.119512	695	95.119512	682	95.119512	698
87.7	95.433382	688	95.433382	673	95.433382	653	95.433382	715
87.8	95.748436	684	95.748436	744	95.748436	632	95.748436	713
87.9	96.064678	672	96.064678	677	96.064678	654	96.064678	711
88	96.382115	719	96.382115	615	96.382115	702	96.382115	655
88.1	96.700752	645	96.700752	646	96.700752	693	96.700752	673
88.2	97.019904	634	97.019904	659	97.019904	686	97.019904	666
88.3	97.340987	695	97.340987	653	97.340987	675	97.340987	683
88.4	97.663286	696	97.663286	608	97.663286	704	97.663286	693
88.5	97.986806	660	97.986806	671	97.986806	660	97.986806	677
88.6	98.311553	696	98.311553	702	98.311553	630	98.311553	678
88.7	98.637532	645	98.637532	669	98.637532	708	98.637532	635
88.8	98.965465	683	98.965465	719	98.965465	665	98.965465	718
88.9	99.293895	678	99.293895	681	99.293895	654	99.293895	694
89	99.623575	659	99.623575	608	99.623575	682	99.623575	675
89.1	99.954513	709	99.954513	640	99.954513	688	99.954513	667
89.2	100.286712	665	100.286712	651	100.286712	643	100.286712	683
89.3	100.620181	672	100.620181	693	100.620181	675	100.620181	639
89.4	100.954923	661	100.954923	726	100.954923	709	100.954923	661
89.5	101.290231	668	101.290231	691	101.290231	696	101.290231	643
89.6	101.627572	658	101.627572	675	101.627572	665	101.627572	659
89.7	101.966203	660	101.966203	679	101.966203	680	101.966203	697
89.8	102.306132	682	102.306132	675	102.306132	651	102.306132	638
89.9	102.647364	637	102.647364	662	102.647364	653	102.647364	638
90	102.989905	690	102.989905	658	102.989905	639	102.989905	640
90.1	103.333761	636	103.333761	673	103.333761	733	103.333761	699
90.2	103.679659	683	103.679659	696	103.679659	667	103.679659	599
90.3	104.026134	649	104.026134	615	104.026134	664	104.026134	672
90.4	104.373944	654	104.373944	654	104.373944	682	104.373944	665
90.5	104.723096	685	104.723096	674	104.723096	646	104.723096	647
90.6	105.073597	668	105.073597	661	105.073597	711	105.073597	686
90.7	105.425452	660	105.425452	644	105.425452	638	105.425452	648
90.8	105.778668	706	105.778668	680	105.778668	663	105.778668	621
90.9	106.132522	654	106.132522	648	106.132522	645	106.132522	619
91	106.488512	640	106.488512	647	106.488512	634	106.488512	668
91.1	106.84588	630	106.84588	594	106.84588	657	106.84588	659
91.2	107.204635	669	107.204635	673	107.204635	666	107.204635	631
91.3	107.564781	623	107.564781	653	107.564781	623	107.564781	666
91.4	107.926327	635	107.926327	608	107.926327	621	107.926327	621
91.5	108.289278	681	108.289278	642	108.289278	657	108.289278	656
91.6	108.654385	676	108.654385	660	108.654385	623	108.654385	610
91.7	109.020135	646	109.020135	609	109.020135	681	109.020135	676
91.8	109.387313	665	109.387313	628	109.387313	669	109.387313	639
91.9	109.755924	683	109.755924	586	109.755924	611	109.755924	607
92	110.125977	633	110.125977	661	110.125977	630	110.125977	662
92.1	110.497478	633	110.497478	647	110.497478	625	110.497478	639
92.2	110.870434	625	110.870434	666	110.870434	632	110.870434	695
92.3	111.244085	653	111.244085	636	111.244085	628	111.244085	662
92.4	111.620006	626	111.620006	677	111.620006	659	111.620006	635
92.5	111.997401	618	111.997401	636	111.997401	611	111.997401	623
92.6	112.376278	624	112.376278	649	112.376278	641	112.376278	637
92.7	112.756645	648	112.756645	633	112.756645	629	112.756645	644
92.8	113.138507	621	113.138507	644	113.138507	630	113.138507	627
92.9	113.521873	630	113.521873	627	113.521873	649	113.521873	604
93	113.90675	607	113.90675	610	113.90675	605	113.90675	619
93.1	114.293907	614	114.293907	610	114.293907	644	114.293907	609
93.2	114.681794	621	114.681794	598	114.681794	609	114.681794	622
93.3	115.071216	636	115.071216	600	115.071216	633	115.071216	652
93.4	115.46218	670	115.46218	601	115.46218	608	115.46218	578
93.5	115.854693	605	115.854693	576	115.854693	637	115.854693	636
93.6	116.248764	608	116.248764	582	116.248764	544	116.248764	595
93.7	116.644399	616	116.644399	612	116.644399	600	116.644399	590
93.8	117.040808	622	117.040808	617	117.040808	623	117.040808	577
93.9	117.439631	597	117.439631	594	117.439631	596	117.439631	588
94	117.84004	633	117.84004	623	117.84004	599	117.84004	569
94.1	118.242044	585	118.242044	616	118.242044	618	118.242044	632
94.2	118.645649	621	118.645649	608	118.645649	646	118.645649	581
94.3	119.050865	627	119.050865	588	119.050865	621	119.050865	632
94.4	119.457698	644	119.457698	564	119.457698	631	119.457698	640
94.5	119.866158	640	119.866158	606	119.866158	595	119.866158	578
94.6	120.277061	633	120.277061	624	120.277061	564	120.277061	638
94.7	120.68876	600	120.68876	565	120.68876	574	120.68876	589
94.8	121.102111	589	121.102111	626	121.102111	608	121.102111	581
94.9	121.517123	604	121.517123	601	121.517123	581	121.517123	586
95	121.933802	640	121.933802	594	121.933802	554	121.933802	573
95.1	122.352158	626	122.352158	576	122.352158	576	122.352158	599
95.2	122.772198	578	122.772198	542	122.772198	572	122.772198	599
95.3	123.193932	621	123.193932	587	123.193932	615	123.193932	598
95.4	123.616539	562	123.616539	604	123.616539	591	123.616539	614
95.5	124.041721	611	124.041721	596	124.041721	536	124.041721	633
95.6	124.46862	580	124.46862	593	124.46862	593	124.46862	577
95.7	124.897245	615	124.897245	624	124.897245	532	124.897245	551
95.8	125.327604	592	125.327604	579	125.327604	547	125.327604	542
95.9	125.759706	565	125.759706	592	125.759706	594	125.759706	583
96	126.19356	562	126.19356	573	126.19356	555	126.19356	531
96.1	126.629174	543	126.629174	555	126.629174	592	126.629174	559
96.2	127.066558	565	127.066558	572	127.066558	559	127.066558	565
96.3	127.506541	545	127.506541	565	127.506541	560	127.506541	559
96.4	127.947454	610	127.947454	529	127.947454	568	127.947454	560
96.5	128.390165	555	128.390165	541	128.390165	535	128.390165	564
96.6	128.834684	604	128.834684	573	128.834684	550	128.834684	576
96.7	129.281018	592	129.281018	563	129.281018	521	129.281018	554
96.8	129.729178	559	129.729178	526	129.729178	558	129.729178	563
96.9	130.179173	552	130.179173	550	130.179173	541	130.179173	555
97	130.631011	586	130.631011	562	130.631011	548	130.631011	531
97.1	131.083843	585	131.083843	547	131.083843	533	131.083843	550
97.2	131.539436	550	131.539436	536	131.539436	543	131.539436	523
97.3	131.996899	543	131.996899	550	131.996899	549	131.996899	586
97.4	132.456243	551	132.456243	562	132.456243	584	132.456243	471
97.5	132.917475	523	132.917475	521	132.917475	519	132.917475	522
97.6	133.380608	532	133.380608	559	133.380608	496	133.380608	500
97.7	133.845649	523	133.845649	543	133.845649	539	133.845649	510
97.8	134.31261	521	134.31261	535	134.31261	507	134.31261	545
97.9	134.781499	516	134.781499	497	134.781499	525	134.781499	554
98	135.253199	542	135.253199	515	135.253199	550	135.253199	503
98.1	135.725936	535	135.725936	539	135.725936	533	135.725936	517
98.2	136.200633	529	136.200633	536	136.200633	518	136.200633	495
98.3	136.677301	542	136.677301	486	136.677301	542	136.677301	515
98.4	137.15595	549	137.15595	525	137.15595	545	137.15595	489
98.5	137.636589	470	137.636589	507	137.636589	544	137.636589	513
98.6	138.119229	498	138.119229	484	138.119229	488	138.119229	513
98.7	138.60388	522	138.60388	534	138.60388	520	138.60388	526
98.8	139.090553	489	139.090553	509	139.090553	517	139.090553	540
98.9	139.579258	521	139.579258	481	139.579258	509	139.579258	498
99	140.069148	505	140.069148	514	140.069148	487	140.069148	504
99.1	140.561988	518	140.561988	506	140.561988	459	140.561988	532
99.2	141.056889	502	141.056889	515	141.056889	486	141.056889	479
99.3	141.553863	508	141.553863	477	141.553863	513	141.553863	488
99.4	142.052921	519	142.052921	499	142.052921	442	142.052921	490
99.5	142.554073	493	142.554073	495	142.554073	488	142.554073	476
99.6	143.057331	521	143.057331	463	143.057331	479	143.057331	463
99.7	143.562706	518	143.562706	479	143.562706	481	143.562706	461
99.8	144.070208	475	144.070208	498	144.070208	445	144.070208	465
99.9	144.580744	504	144.580744	463	144.580744	504	144.580744	486
100	145.092495	499	145.092495	487	145.092495	472	145.092495	476
100.1	145.606408	464	145.606408	485	145.606408	450	145.606408	478
100.2	146.122496	480	146.122496	441	146.122496	453	146.122496	483
100.3	146.64077	478	146.64077	455	146.64077	457	146.64077	449
100.4	147.161241	492	147.161241	490	147.161241	435	147.161241	454
100.5	147.683921	459	147.683921	484	147.683921	482	147.683921	446
100.6	148.20882	499	148.20882	493	148.20882	445	148.20882	440
100.7	148.735952	406	148.735952	453	148.735952	407	148.735952	465
100.8	149.265328	438	149.265328	443	149.265328	469	149.265328	446
100.9	149.796052	436	149.796052	471	149.796052	483	149.796052	443
101	150.329991	421	150.329991	447	150.329991	434	150.329991	431
101.1	150.866208	474	150.866208	432	150.866208	452	150.866208	416
101.2	151.404715	469	151.404715	482	151.404715	462	151.404715	466
101.3	151.945524	440	151.945524	441	151.945524	424	151.945524	422
101.4	152.488647	393	152.488647	441	152.488647	490	152.488647	436
101.5	153.034097	412	153.034097	437	153.034097	404	153.034097	436
101.6	153.581886	469	153.581886	433	153.581886	407	153.581886	428
101.7	154.132026	431	154.132026	420	154.132026	426	154.132026	441
101.8	154.68453	471	154.68453	400	154.68453	400	154.68453	427
101.9	155.240347	476	155.240347	431	155.240347	430	155.240347	442
102	155.797575	429	155.797575	438	155.797575	414	155.797575	385
102.1	156.357207	424	156.357207	412	156.357207	410	156.357207	416
102.2	156.919255	443	156.919255	427	156.919255	412	156.919255	408
102.3	157.483734	396	157.483734	410	157.483734	455	157.483734	446
102.4	158.050655	428	158.050655	444	158.050655	399	158.050655	386
102.5	158.620032	429	158.620032	433	158.620032	410	158.620032	400
102.6	159.191877	422	159.191877	428	159.191877	373	159.191877	385
102.7	159.766205	411	159.766205	404	159.766205	401	159.766205	402
102.8	160.343029	437	160.343029	380	160.343029	404	160.343029	372
102.9	160.922361	451	160.922361	401	160.922361	415	160.922361	390
103	161.503277	452	161.503277	384	161.503277	388	161.503277	416
103.1	162.08771	383	162.08771	421	162.08771	382	162.08771	394
103.2	162.674691	430	162.674691	391	162.674691	366	162.674691	363
103.3	163.264234	421	163.264234	370	163.264234	388	163.264234	367
103.4	163.856352	389	163.856352	377	163.856352	408	163.856352	381
103.5	164.451059	394	164.451059	321	164.451059	405	164.451059	400
103.6	165.048371	371	165.048371	362	165.048371	372	165.048371	370
103.7	165.6483	390	165.6483	383	165.6483	331	165.6483	371
103.8	166.25086	386	166.25086	389	166.25086	365	166.25086	365
103.9	166.856068	374	166.856068	381	166.856068	347	166.856068	377
104	167.463936	350	167.463936	383	167.463936	373	167.463936	374
104.1	168.075439	373	168.075439	364	168.075439	344	168.075439	327
104.2	168.688629	379	168.688629	343	168.688629	356	168.688629	360
104.3	169.304524	393	169.304524	361	169.304524	360	169.304524	372
104.4	169.923141	368	169.923141	341	169.923141	344	169.923141	338
104.5	170.544494	390	170.544494	356	170.544494	337	170.544494	371
104.6	171.168598	386	171.168598	302	171.168598	347	171.168598	328
104.7	171.795468	336	171.795468	329	171.795468	325	171.795468	320
104.8	172.425119	361	172.425119	346	172.425119	379	172.425119	327
104.9	173.057566	317	173.057566	355	173.057566	339	173.057566	322
105	173.692825	357	173.692825	329	173.692825	310	173.692825	342
105.1	174.330911	344	174.330911	347	174.330911	335	174.330911	322
105.2	174.971839	347	174.971839	346	174.971839	318	174.971839	307
105.3	175.614666	343	175.614666	303	175.614666	330	175.614666	307
105.4	176.26137	333	176.26137	338	176.26137	311	176.26137	359
105.5	176.910962	328	176.910962	310	176.910962	303	176.910962	320
105.6	177.563457	361	177.563457	314	177.563457	298	177.563457	314
105.7	178.218872	315	178.218872	331	178.218872	311	178.218872	296
105.8	178.877223	320	178.877223	293	178.877223	296	178.877223	297
105.9	179.538527	348	179.538527	310	179.538527	280	179.538527	278
106	180.202799	311	180.202799	283	180.202799	291	180.202799	296
106.1	180.870056	315	180.870056	310	180.870056	310	180.870056	275
106.2	181.540314	309	181.540314	278	181.540314	289	181.540314	274
106.3	182.213591	297	182.213591	311	182.213591	276	182.213591	305
106.4	182.889904	309	182.889904	269	182.889904	272	182.889904	282
106.5	183.570248	313	183.570248	307	183.570248	283	183.570248	293
106.6	184.252636	299	184.252636	277	184.252636	269	184.252636	262
106.7	184.938112	318	184.938112	283	184.938112	275	184.938112	281
106.8	185.626694	316	185.626694	270	185.626694	260	185.626694	279
106.9	186.318398	296	186.318398	291	186.318398	266	186.318398	265
107	187.013241	291	187.013241	295	187.013241	273	187.013241	282
107.1	187.711243	310	187.711243	288	187.711243	278	187.711243	262
107.2	188.412419	320	188.412419	264	188.412419	261	188.412419	269
107.3	189.116787	280	189.116787	265	189.116787	261	189.116787	277
107.4	189.824367	285	189.824367	287	189.824367	275	189.824367	263
107.5	190.535174	292	190.535174	295	190.535174	266	190.535174	253
107.6	191.249228	244	191.249228	279	191.249228	264	191.249228	275
107.7	191.966547	264	191.966547	248	191.966547	245	191.966547	244
107.8	192.686168	285	192.686168	271	192.686168	256	192.686168	240
107.9	193.410116	258	193.410116	239	193.410116	241	193.410116	243
108	194.137382	273	194.137382	269	194.137382	263	194.137382	254
108.1	194.867984	265	194.867984	255	194.867984	227	194.867984	251
108.2	195.601942	271	195.601942	256	195.601942	222	195.601942	243
108.3	196.339275	261	196.339275	249	196.339275	246	196.339275	229
108.4	197.08	278	197.08	263	197.08	253	197.08	250
108.5	197.824139	290	197.824139	229	197.824139	229	197.824139	234
108.6	198.571709	245	198.571709	236	198.571709	229	198.571709	259
108.7	199.322731	289	199.322731	240	199.322731	239	199.322731	236
108.8	200.077223	264	200.077223	222	200.077223	224	200.077223	217
108.9	200.835207	252	200.835207	246	200.835207	224	200.835207	242
109	201.5967	240	201.5967	220	201.5967	224	201.5967	193
109.1	202.362733	242	202.362733	214	202.362733	232	202.362733	200
109.2	203.13126	237	203.13126	218	203.13126	232	203.13126	216
109.3	203.903359	240	203.903359	214	203.903359	201	203.903359	217
109.4	204.679052	223	204.679052	210	204.679052	220	204.679052	223
109.5	205.458357	213	205.458357	221	205.458357	220	205.458357	222
109.6	206.241296	212	206.241296	235	206.241296	214	206.241296	219
109.7	207.027889	207	207.027889	233	207.027889	229	207.027889	195
109.8	207.818156	236	207.818156	186	207.818156	198	207.818156	184
109.9	208.61212	219	208.61212	229	208.61212	208	208.61212	222
110	209.4098	192	209.4098	200	209.4098	188	209.4098	212
110.1	210.211218	204	210.211218	201	210.211218	198	210.211218	184
110.2	211.016395	210	211.016395	222	211.016395	189	211.016395	192
110.3	211.825353	194	211.825353	189	211.825353	189	211.825353	205
110.4	212.638113	220	212.638113	191	212.638113	202	212.638113	177
110.5	213.453676	222	213.453676	171	213.453676	199	213.453676	170
110.6	214.274153	200	214.274153	206	214.274153	197	214.274153	183
110.7	215.098496	182	215.098496	175	215.098496	188	215.098496	181
110.8	215.926726	196	215.926726	200	215.926726	202	215.926726	170
110.9	216.758866	181	216.758866	206	216.758866	168	216.758866	186
111	217.594938	208	217.594938	172	217.594938	169	217.594938	180
111.1	218.434966	205	218.434966	181	218.434966	178	218.434966	169
111.2	219.278971	191	219.278971	186	219.278971	167	219.278971	161
111.3	220.126977	184	220.126977	184	220.126977	157	220.126977	186
111.4	220.979007	198	220.979007	160	220.979007	145	220.979007	170
111.5	221.835083	163	221.835083	175	221.835083	167	221.835083	167
111.6	222.69523	167	222.69523	158	222.69523	158	222.69523	137
111.7	223.55947	174	223.55947	169	223.55947	175	223.55947	144
111.8	224.427828	190	224.427828	146	224.427828	158	224.427828	152
111.9	225.30139	170	225.30139	163	225.30139	148	225.30139	158
112	226.178003	172	226.178003	144	226.178003	171	226.178003	144
112.1	227.058807	148	227.058807	159	227.058807	143	227.058807	150
112.2	227.943826	172	227.943826	147	227.943826	160	227.943826	130
112.3	228.833085	162	228.833085	151	228.833085	174	228.833085	158
112.4	229.726607	158	229.726607	151	229.726607	143	229.726607	127
112.5	230.624418	152	230.624418	186	230.624418	162	230.624418	138
112.6	231.526542	145	231.526542	147	231.526542	144	231.526542	142
112.7	232.433003	151	232.433003	145	232.433003	129	232.433003	169
112.8	233.343828	153	233.343828	156	233.343828	134	233.343828	153
112.9	234.259041	144	234.259041	148	234.259041	145	234.259041	136
113	235.178667	133	235.178667	148	235.178667	128	235.178667	125
113.1	236.102732	162	236.102732	129	236.102732	143	236.102732	137
113.2	237.031262	145	237.031262	130	237.031262	157	237.031262	130
113.3	237.964283	134	237.964283	141	237.964283	120	237.964283	109
113.4	238.900727	122	238.900727	142	238.900727	126	238.900727	133
113.5	239.842859	132	239.842859	109	239.842859	117	239.842859	117
113.6	240.789558	120	240.789558	138	240.789558	117	240.789558	112
113.7	241.740849	125	241.740849	128	241.740849	111	241.740849	114
113.8	242.696761	133	242.696761	122	242.696761	105	242.696761	110
113.9	243.65732	130	243.65732	133	243.65732	127	243.65732	126
114	244.622552	137	244.622552	125	244.622552	117	244.622552	106
114.1	245.592486	132	245.592486	98	245.592486	117	245.592486	117
114.2	246.567149	125	246.567149	116	246.567149	93	246.567149	111
114.3	247.546567	133	247.546567	113	247.546567	103	247.546567	124
114.4	248.53077	130	248.53077	116	248.53077	95	248.53077	121
114.5	249.519784	102	249.519784	102	249.519784	109	249.519784	100
114.6	250.513638	116	250.513638	119	250.513638	95	250.513638	92
114.7	251.51236	98	251.51236	117	251.51236	110	251.51236	103
114.8	252.515979	129	252.515979	81	252.515979	94	252.515979	99
114.9	253.524522	86	253.524522	104	253.524522	111	253.524522	95
115	254.53912	111	254.53912	116	254.53912	98	254.53912	105
115.1	255.557546	123	255.557546	96	255.557546	86	255.557546	88
115.2	256.580987	109	256.580987	87	256.580987	96	256.580987	85
115.3	257.609471	93	257.609471	102	257.609471	80	257.609471	99
115.4	258.643027	97	258.643027	96	258.643027	90	258.643027	84
115.5	259.681686	95	259.681686	109	259.681686	89	259.681686	88
115.6	260.725478	108	260.725478	74	260.725478	102	260.725478	89
115.7	261.774431	104	261.774431	93	261.774431	100	261.774431	90
115.8	262.828576	113	262.828576	87	262.828576	112	262.828576	80
115.9	263.887943	83	263.887943	92	263.887943	84	263.887943	88
116	264.952564	83	264.952564	75	264.952564	77	264.952564	87
116.1	266.022468	76	266.022468	101	266.022468	65	266.022468	75
116.2	267.097686	95	267.097686	83	267.097686	88	267.097686	88
116.3	268.17825	103	268.17825	81	268.17825	91	268.17825	90
116.4	269.26419	71	269.26419	75	269.26419	71	269.26419	70
116.5	270.355539	80	270.355539	72	270.355539	67	270.355539	76
116.6	271.451192	82	271.451192	93	271.451192	74	271.451192	71
116.7	272.55351	89	272.55351	77	272.55351	76	272.55351	70
116.8	273.661328	94	273.661328	76	273.661328	60	273.661328	75
116.9	274.77468	78	274.77468	68	274.77468	96	274.77468	62
117	275.893597	63	275.893597	68	275.893597	74	275.893597	70
117.1	277.018113	65	277.018113	75	277.018113	57	277.018113	57
117.2	278.148261	72	278.148261	63	278.148261	66	278.148261	63
117.3	279.284072	72	279.284072	57	279.284072	53	279.284072	77
117.4	280.425582	69	280.425582	68	280.425582	63	280.425582	58
117.5	281.572822	74	281.572822	70	281.572822	70	281.572822	63
117.6	282.725827	78	282.725827	63	282.725827	69	282.725827	66
117.7	283.884631	61	283.884631	61	283.884631	62	283.884631	53
117.8	285.049268	82	285.049268	87	285.049268	67	285.049268	41
117.9	286.219772	82	286.219772	75	286.219772	55	286.219772	57
118	287.396177	58	287.396177	61	287.396177	40	287.396177	54
118.1	288.578519	74	288.578519	54	288.578519	54	288.578519	55
118.2	289.766831	57	289.766831	53	289.766831	63	289.766831	54
118.3	290.962262	57	290.962262	55	290.962262	58	290.962262	50
118.4	292.16256	60	292.16256	48	292.16256	53	292.16256	46
118.5	293.368939	65	293.368939	58	293.368939	46	293.368939	50
118.6	294.581433	47	294.581433	57	294.581433	52	294.581433	46
118.7	295.800078	60	295.800078	53	295.800078	49	295.800078	42
118.8	297.024911	65	297.024911	47	297.024911	60	297.024911	58
118.9	298.255967	45	298.255967	58	298.255967	44	298.255967	44
119	299.493283	56	299.493283	62	299.493283	55	299.493283	45
119.1	300.736895	54	300.736895	45	300.736895	53	300.736895	53
119.2	301.986841	58	301.986841	44	301.986841	52	301.986841	39
119.3	303.243158	44	303.243158	49	303.243158	46	303.243158	36
119.4	304.505883	47	304.505883	46	304.505883	47	304.505883	39
119.5	305.775054	56	305.775054	37	305.775054	44	305.775054	39
119.6	307.050708	56	307.050708	41	307.050708	46	307.050708	40
119.7	308.332883	39	308.332883	37	308.332883	53	308.332883	44
119.8	309.620455	41	309.620455	28	309.620455	55	309.620455	39
119.9	310.915862	41	310.915862	39	310.915862	38	310.915862	38
120	312.217903	35	312.217903	47	312.217903	24	312.217903	35
120.1	313.526617	53	313.526617	34	313.526617	41	313.526617	29
120.2	314.842042	48	314.842042	38	314.842042	38	314.842042	42
120.3	316.164219	40	316.164219	44	316.164219	35	316.164219	39
120.4	317.493186	38	317.493186	37	317.493186	34	317.493186	33
120.5	318.828985	37	318.828985	41	318.828985	38	318.828985	39
120.6	320.171655	44	320.171655	32	320.171655	30	320.171655	39
120.7	321.521236	46	321.521236	24	321.521236	32	321.521236	36
120.8	322.87777	37	322.87777	38	322.87777	38	322.87777	36
120.9	324.241297	47	324.241297	31	324.241297	31	324.241297	41
121	325.611858	29	325.611858	27	325.611858	31	325.611858	20
121.1	326.989496	31	326.989496	37	326.989496	26	326.989496	29
121.2	328.375352	30	328.375352	32	328.375352	31	328.375352	29
121.3	329.767168	29	329.767168	29	329.767168	33	329.767168	29
121.4	331.16619	34	331.16619	29	331.16619	29	331.16619	25
121.5	332.572461	39	332.572461	22	332.572461	34	332.572461	32
121.6	333.986022	22	333.986022	36	333.986022	28	333.986022	25
121.7	335.406916	26	335.406916	29	335.406916	23	335.406916	29
121.8	336.835186	28	336.835186	32	336.835186	29	336.835186	24
121.9	338.270876	25	338.270876	32	338.270876	21	338.270876	22
122	339.714029	28	339.714029	30	339.714029	27	339.714029	32
122.1	341.163594	32	341.163594	26	341.163594	27	341.163594	31
122.2	342.621975	22	342.621975	23	342.621975	29	342.621975	15
122.3	344.087941	25	344.087941	25	344.087941	29	344.087941	18
122.4	345.561539	38	345.561539	23	345.561539	27	345.561539	19
122.5	347.042812	20	347.042812	22	347.042812	18	347.042812	19
122.6	348.532733	18	348.532733	15	348.532733	19	348.532733	23
122.7	350.029108	23	350.029108	29	350.029108	24	350.029108	24
122.8	351.532802	21	351.532802	25	351.532802	23	351.532802	17
122.9	353.045919	29	353.045919	22	353.045919	21	353.045919	21
123	354.565394	17	354.565394	25	354.565394	21	354.565394	21
123.1	356.093362	29	356.093362	18	356.093362	20	356.093362	25
123.2	357.629343	25	357.629343	30	357.629343	21	357.629343	14
123.3	359.174805	25	359.174805	18	359.174805	28	359.174805	23
123.4	360.727226	27	360.727226	31	360.727226	25	360.727226	22
123.5	362.287786	23	362.287786	30	362.287786	30	362.287786	31
123.6	363.856534	40	363.856534	35	363.856534	20	363.856534	32
123.7	365.433517	40	365.433517	30	365.433517	31	365.433517	38
123.8	367.018784	42	367.018784	27	367.018784	27	367.018784	31
123.9	368.612383	47	368.612383	48	368.612383	29	368.612383	38
124	370.214363	37	370.214363	45	370.214363	42	370.214363	57
124.1	371.824774	61	371.824774	60	371.824774	63	371.824774	54
124.2	373.443664	75	373.443664	72	373.443664	68	373.443664	71
124.3	375.071084	98	375.071084	78	375.071084	88	375.071084	95
124.4	376.707084	92	376.707084	98	376.707084	106	376.707084	103
124.5	378.350477	148	378.350477	129	378.350477	118	378.350477	109
124.6	380.003748	174	380.003748	155	380.003748	156	380.003748	142
124.7	381.665754	169	381.665754	177	381.665754	180	381.665754	146
124.8	383.336545	217	383.336545	213	383.336545	200	383.336545	190
124.9	385.016173	253	385.016173	232	385.016173	221	385.016173	221
125	386.704688	275	386.704688	303	386.704688	267	386.704688	266
125.1	388.402143	325	388.402143	302	388.402143	317	388.402143	276
125.2	390.108591	359	390.108591	353	390.108591	333	390.108591	321
125.3	391.824082	388	391.824082	348	391.824082	371	391.824082	343
125.4	393.548671	399	393.548671	413	393.548671	415	393.548671	364
125.5	395.28241	439	395.28241	444	395.28241	428	395.28241	377
125.6	397.025352	492	397.025352	411	397.025352	439	397.025352	454
125.7	398.777551	479	398.777551	453	398.777551	439	398.777551	442
125.8	400.539061	468	400.539061	473	400.539061	454	400.539061	489
125.9	402.309936	467	402.309936	499	402.309936	476	402.309936	469
126	404.090231	513	404.090231	484	404.090231	485	404.090231	481
126.1	405.88	451	405.88	491	405.88	499	405.88	490
126.2	407.679298	503	407.679298	479	407.679298	502	407.679298	470
126.3	409.488182	509	409.488182	463	409.488182	495	409.488182	454
126.4	411.306706	468	411.306706	455	411.306706	436	411.306706	444
126.5	413.134927	464	413.134927	418	413.134927	440	413.134927	420
126.6	414.972901	446	414.972901	425	414.972901	412	414.972901	403
126.7	416.820685	370	416.820685	403	416.820685	435	416.820685	404
126.8	418.678336	415	418.678336	358	418.678336	355	418.678336	372
126.9	420.545911	360	420.545911	360	420.545911	313	420.545911	341
127	422.423467	311	422.423467	317	422.423467	330	422.423467	339
127.1	424.311064	298	424.311064	316	424.311064	333	424.311064	314
127.2	426.208758	295	426.208758	275	426.208758	282	426.208758	286
127.3	428.116609	247	428.116609	260	428.116609	265	428.116609	245
127.4	430.034676	269	430.034676	247	430.034676	208	430.034676	240
127.5	431.963018	224	431.963018	217	431.963018	203	431.963018	207
127.6	433.901693	211	433.901693	183	433.901693	186	433.901693	198
127.7	435.850764	177	435.850764	167	435.850764	193	435.850764	178
127.8	437.810289	177	437.810289	171	437.810289	175	437.810289	155
127.9	439.780329	138	439.780329	155	439.780329	161	439.780329	137
128	441.760945	137	441.760945	131	441.760945	130	441.760945	106
128.1	443.752198	132	443.752198	127	443.752198	116	443.752198	113
128.2	445.754151	128	445.754151	119	445.754151	110	445.754151	105
128.3	447.766865	98	447.766865	102	447.766865	119	447.766865	108
128.4	449.790402	114	449.790402	111	449.790402	102	449.790402	122
128.5	451.824825	97	451.824825	100	451.824825	81	451.824825	92
128.6	453.870196	98	453.870196	97	453.870196	90	453.870196	71
128.7	455.92658	88	455.92658	83	455.92658	77	455.92658	82
128.8	457.994041	82	457.994041	69	457.994041	71	457.994041	74
128.9	460.072641	86	460.072641	69	460.072641	85	460.072641	71
129	462.163672	67	462.163672	67	462.163672	63	462.163672	68
129.1	464.264728	79	464.264728	69	464.264728	62	464.264728	49
129.2	466.377119	50	466.377119	71	466.377119	68	466.377119	67
129.3	468.50091	58	468.50091	59	468.50091	65	468.50091	53
129.4	470.636166	43	470.636166	60	470.636166	57	470.636166	58
129.5	472.782954	49	472.782954	62	472.782954	46	472.782954	47
129.6	474.94134	48	474.94134	50	474.94134	47	474.94134	47
129.7	477.111392	40	477.111392	52	477.111392	47	477.111392	46
129.8	479.293177	55	479.293177	46	479.293177	39	479.293177	51
129.9	481.486762	39	481.486762	34	481.486762	34	481.486762	37
130	483.692216	32	483.692216	39	483.692216	39	483.692216	44
130.1	485.909607	42	485.909607	30	485.909607	46	485.909607	34
130.2	488.139004	40	488.139004	40	488.139004	38	488.139004	32
130.3	490.380477	31	490.380477	41	490.380477	36	490.380477	42
130.4	492.634094	32	492.634094	29	492.634094	32	492.634094	38
130.5	494.899925	29	494.899925	28	494.899925	32	494.899925	29
130.6	497.178042	39	497.178042	26	497.178042	20	497.178042	23
130.7	499.468515	37	499.468515	17	499.468515	24	499.468515	25
130.8	501.771416	28	501.771416	25	501.771416	25	501.771416	26
130.9	504.086815	26	504.086815	32	504.086815	32	504.086815	23
131	506.414785	22	506.414785	18	506.414785	24	506.414785	18
131.1	508.755398	19	508.755398	18	508.755398	18	508.755398	22
131.2	511.108726	24	511.108726	23	511.108726	22	511.108726	28
131.3	513.474845	27	513.474845	21	513.474845	23	513.474845	20
131.4	515.853825	20	515.853825	25	515.853825	25	515.853825	32
131.5	518.245743	23	518.245743	22	518.245743	25	518.245743	25
131.6	520.650672	18	520.650672	17	520.650672	21	520.650672	20
131.7	523.068687	23	523.068687	18	523.068687	21	523.068687	10
131.8	525.499863	18	525.499863	15	525.499863	16	525.499863	12
131.9	527.944276	11	527.944276	21	527.944276	13	527.944276	21
132	530.402002	18	530.402002	22	530.402002	12	530.402002	18
132.1	532.873118	20	532.873118	18	532.873118	20	532.873118	22
132.2	535.3577	18	535.3577	18	535.3577	19	535.3577	11
132.3	537.855827	19	537.855827	16	537.855827	20	537.855827	17
132.4	540.367575	22	540.367575	13	540.367575	18	540.367575	13
132.5	542.893024	18	542.893024	14	542.893024	22	542.893024	17
132.6	545.432251	16	545.432251	11	545.432251	16	545.432251	12
132.7	547.985336	17	547.985336	8	547.985336	17	547.985336	14
132.8	550.552358	18	550.552358	11	550.552358	16	550.552358	14
132.9	553.133399	14	553.133399	10	553.133399	16	553.133399	14
133	555.728537	15	555.728537	16	555.728537	14	555.728537	17
133.1	558.337854	15	558.337854	11	558.337854	13	558.337854	16
133.2	560.961432	10	560.961432	12	560.961432	13	560.961432	14
133.3	563.599352	11	563.599352	11	563.599352	9	563.599352	16
133.4	566.251697	13	566.251697	14	566.251697	18	566.251697	13
133.5	568.918549	14	568.918549	10	568.918549	11	568.918549	13
133.6	571.599992	19	571.599992	11	571.599992	11	571.599992	11
133.7	574.296109	11	574.296109	10	574.296109	13	574.296109	8
133.8	577.006985	11	577.006985	10	577.006985	13	577.006985	13
133.9	579.732705	19	579.732705	16	579.732705	10	579.732705	13
134	582.473352	14	582.473352	9	582.473352	14	582.473352	11
134.1	585.229014	10	585.229014	8	585.229014	13	585.229014	8
134.2	587.999776	10	587.999776	10	587.999776	14	587.999776	9
134.3	590.785725	13	590.785725	8	590.785725	12	590.785725	7
134.4	593.586948	12	593.586948	8	593.586948	12	593.586948	15
134.5	596.403533	8	596.403533	9	596.403533	11	596.403533	8
134.6	599.235568	10	599.235568	10	599.235568	6	599.235568	13
134.7	602.08314	8	602.08314	8	602.08314	9	602.08314	7
134.8	604.946341	12	604.946341	8	604.946341	12	604.946341	11
134.9	607.825258	11	607.825258	7	607.825258	5	607.825258	7
135	610.719983	13	610.719983	7	610.719983	9	610.719983	11
Comment								