0       0.999932
0.776   0.347536
1.55    0.198062
2.33    0.143474
3.1     0.104995
3.88    0.0827834
4.65    0.0704916
5.43    0.0599754
6.21    0.0531525
6.98    0.0471071
7.76    0.0409832
8.53    0.0372186
9.31    0.0343482
10.1    0.0314411
10.9    0.0289859
11.6    0.0274898
12.4    0.02578
13.2    0.0242536
14      0.023114
14.7    0.0221169
15.5    0.0209773
93.1    0.00334586
171     0.00187075
248     0.00129428
326     0.000975791
403     0.00080601
481     0.000691915
558     0.000588044
636     0.000509892
714     0.000454981
791     0.000400773
869     0.000378329
946     0.000341
1020    0.000315
