0.00105 0.004005
0.00115 0.005815
0.00126 0.007806
0.00138 0.009978
0.00151 0.012331
0.00166 0.015046
0.00182 0.017942
0.002   0.0212
0.00219 0.026805
0.0024  0.033
0.00263 0.039785
0.00288 0.04716
0.00316 0.056252
0.00347 0.067009
0.0038  0.07846
0.00417 0.091588
0.00457 0.106148
0.00501 0.122163
0.0055  0.13995
0.00603 0.159156
0.00661 0.179572
0.00724 0.201412
0.00794 0.225072
0.00871 0.249891
0.00955 0.275865
0.0105  0.30225
0.0115  0.32775
0.0126  0.3558
0.0138  0.3864
0.0151  0.418908
0.0166  0.447528
0.0182  0.478056
0.02    0.5124
0.0219  0.540064
0.024   0.57064
0.0263  0.599916
0.0288  0.628216
0.0316  0.6562
0.0347  0.6841
0.038   0.70852
0.0417  0.73303
0.0457  0.755874
0.0501  0.776966
0.055   0.7949
0.0603  0.813956
0.0661  0.828572
0.0724  0.8426
0.0794  0.85485
0.0871  0.864349
0.0955  0.872035
0.105   0.87454
0.115   0.87262
0.126   0.870508
0.138   0.868204
0.151   0.865708
0.166   0.862828
0.182   0.859756
0.2     0.8563
0.219   0.84338
0.24    0.8291
0.263   0.81346
0.288   0.79646
0.316   0.776668
0.347   0.754131
0.38    0.73014
0.417   0.70387
0.457   0.67627
0.501   0.645964
0.55    0.6148
0.603   0.581266
0.661   0.547742
0.724   0.512672
0.794   0.476132
0.871   0.439559
0.955   0.402525
1.05    0.36777
1.15    0.33651
1.26    0.302124
1.38    0.264612
1.51    0.225254
1.66    0.197564
1.82    0.168028
2       0.1348
2.19    0.114052
2.4     0.09112
2.63    0.07175
2.88    0.0555
3.16    0.041556
3.47    0.029652
3.8     0.0216
4.17    0.014688
4.57    0.009626
5.01    0.006061
5.5     0.00415
6.03    0.002158
6.61    0.001346
7.24    0.00068
7.94    0.00033
8.71    0
9.55    0
