1.02E-08	0	0	0	0	0	0	0	0	0	0	0	0	0	0	0	0	0	0	0	0	0	0	0	0	0	0	0
1.07E-08	0	0	0	0	0	0	0	0	0	0	0	0	0	0	0	0	0	0	0	0	0	0	0	0	0	0	0
1.12E-08	0	0	0	0	0	0	0	0	0	0	0	0	0	0	0	0	0	0	0	0	0	0	0	0	0	0	0
1.17E-08	0	0	0	0	0	0	0	0	0	0	0	0	0	0	0	0	0	0	0	0	0	0	0	0	0	0	0
1.23E-08	0	0	0	0	0	0	0	0	0	0	0	0	0	0	0	0	0	0	0	0	0	0	0	0	0	0	0
1.29E-08	0	0	0	0	0	0	0	0	0	0	0	0	0	0	0	0	0	0	0	0	0	0	0	0	0	0	0
1.35E-08	0	0	0	0	0	0	0	0	0	0	0	0	0	0	0	0	0	0	0	0	0	0	0	0	0	0	0
1.41E-08	0	0	0	0	0	0	0	0	0	0	0	0	0	0	0	0	0	0	0	0	0	0	0	0	0	0	0
1.48E-08	0	0	0	0	0	0	0	0	0	0	0	0	0	0	0	0	0	0	0	0	0	0	0	0	0	0	0
1.55E-08	0	0	0	0	0	0	0	0	0	0	0	0	0	0	0	0	0	0	0	0	0	0	0	0	0	0	0
1.62E-08	260.004	11.3333	0	0.166667	0	0	0	0	0	0	0	0	0	0	0	0	0	0	0	0	0	0	0	0	0	0	0
1.70E-08	345.503	6.85714	1.57143	0	0.285714	0	0	0.285714	0	0	0	0	0	0	0	0	0	0	0	0	0	0	0	0	0.714286	0	0
1.78E-08	437.656	15	2.5	0	0.5	0	0	0.5	0	0.5	0	0	0	0	0	0	0	0	0	0	0	0	0	0	0	0	0
1.86E-08	524.806	19.5714	1.28571	0.714286	0	0.714286	0	0	0	1	0	0	0	0	0	0	0	0	0	0	0	0	0	0	0	0	0
1.95E-08	654.675	36	1	1	1	0	0	0	0	0	0	0	0	0	0	0	0	0	0	0	0	0	0	0	0	0	0
2.04E-08	760.698	32.0291	4.57143	0.857143	1	0	0	0	0	0	0	0	0.714286	0	0	0	0	0	0	0	0	0	0	0	0	0	0
2.14E-08	973.376	42.6543	6.625	3.625	1.625	0.625	0.625	0	0	0	0	0	0	0	0	0	0	0	0	0	0	0	0	0	0	0	0
2.24E-08	1198.02	68.9823	9.625	3.125	1.125	0.125	0.125	0	0	0	0	0	0	0	0	0	0	0	0	0	0	0	0	0	0	0	0
2.34E-08	1467.74	99.182	14.5445	5.875	0.125	0.875	0	0.125	0	0	0	0	0	0	0	0	0	0	0	0	0	0	0	0	0	0	0
2.45E-08	1962.08	141.77	21.6606	6.87864	2.33333	0.888889	0.888889	0.555556	0	0	0	0	0	0	0	0	0	0	0	0	0	0	0	0	0	0	0
2.57E-08	2453.42	171.706	37.4294	10.9482	4.51873	1.22222	2.51873	0	0	0	0	0	0	0	0	0	0	0	0	0	0	0	0	0	0	0	0
2.69E-08	2973.14	254.482	52	24.6939	5.33306	3	2.33306	2	0	0	0	0	0	0	0	0	0	0	0	0	0	0	0	0	0	0	0
2.82E-08	3679.46	363.929	79.1679	25.4179	12.1743	5	1.3	2	0	0	0	0	0	0	0	0	0	0	0	0	0	0	0	0	0	0	0
2.95E-08	4635.79	514.193	116.545	40.1721	13.8371	5.54545	5.27273	1.45455	0	0	0	0	0	0	0	0.545455	0	0	0	0	0	0	0	0	0	0	0
3.09E-08	5726.01	703.605	136.693	58.6655	16.2349	8.45455	5.54545	4.27273	0	0	0	0	0	0	0.818182	0.181818	0	0	0	0	0	0	0	0	0	0	0
3.24E-08	7228.33	947.855	252.106	77.7915	34.5352	23.8048	10.1667	6.60963	0.333333	1	0.166667	0.166667	0.833333	0.166667	0	0	0	0	0	0.833333	0	0	0	0	0	0	0.166667
3.39E-08	8760.76	1280.59	345.449	139.999	56.2022	25.4715	15.3812	11.6096	2.83333	1	1	1.41667	0.214507	0.583333	0	0.416667	0	0	0	0	0	0.416667	0	0	0	0	0.583333
3.55E-08	10659.2	1728.34	471.278	202.744	95.0703	34.6155	22.9803	17.0772	1.92308	5.94749	3.07692	2.69231	1.87891	2.07692	0.692308	0.307692	0	0	0	0.692308	0	0.307692	0	0.692308	0	0	0
3.72E-08	13131.3	2262.91	680.013	276.011	125.433	56.461	48.5751	31.7072	5	1.85362	1	3	4	0	0	0	3	0	0	0	0	1	0	0	1	0	0
3.89E-08	15967.4	3017.21	944.802	387.724	222.513	103.487	62.6994	45.9626	12.1548	7.91826	7.33333	3.06667	6.06667	3.26667	5.4	3.2	1.53333	0.8	1	0	0	0.533333	0.266667	0	0.266667	1.65159	0.733333
4.07E-08	18737.2	3786.06	1265.6	551.679	294.573	161.996	93.4767	69.5098	23.1287	17.0858	12.0429	9.5	12.5429	5	4.5	3.5	1.5	3	2.5	2	1	1	1.5	0	0.5	0.5	1
4.27E-08	22664.2	5085.37	1741.11	790.259	412.481	248.055	150.467	118.616	34.7338	30.9635	15.0279	13	13.3371	8.6	10.0909	10.3333	4.33333	3	4.86667	2.26667	1.13333	1.22423	0.266667	0.866667	0.866667	0.907537	3.73333
4.47E-08	26914.6	6576.31	2264.81	1100.54	601.693	353.215	215.13	166.593	60.4893	50.1173	23.0686	23.3784	26.5034	18.3608	12.2675	10.5898	5.46482	3.50342	6.75	4.25	4	1.889	4.75	3.35741	1.375	2.73583	2.375
4.68E-08	31739.1	8062.94	3097.97	1536.85	817.306	494.216	323.37	201.112	98.3995	65.3898	54.8366	49.5731	40.8405	25.6284	21.2309	18.2444	11.4209	10.8191	4.1551	8.88235	5.23529	6.88235	2.57755	3.91634	3.17647	3.58032	5
4.90E-08	37225	10172.2	4001.4	2032.77	1111.73	674.005	459.48	323.471	150.458	99.8588	90.5817	64.7098	54.3505	40.3975	36.0173	20.4443	18.4443	13.6926	11.0259	10.3333	8.33333	8.33333	5.34198	3.71358	4.00858	4.04691	7
5.13E-08	43703.2	12504.1	5191.57	2619.38	1492.79	909.446	626.371	432.837	221.334	154.099	125.763	107.187	78.7383	73.3278	49.5329	32.4772	37.9216	29.077	15.9359	15.8889	16.5301	7	12.617	5	9.68524	6.83333	4.22222
5.37E-08	48947.7	15776	6804.84	3556.07	2075.13	1257.93	906.835	655.473	333.853	247.358	199.3	149.448	104.16	91.8018	79.1432	52.5799	49.0278	39.0712	30.6402	22.914	25.8273	27.9333	12.9374	19.4183	11.7361	9.78947	13.5043
5.62E-08	56252.7	19328.9	8452.14	4609.79	2647.34	1726.46	1210.02	887.922	472.36	351.095	283.614	210.856	177.306	128.123	113.859	87.0871	75.261	62.0627	37.9204	32.6016	36.1881	28.3249	22.5485	19.9657	18.1524	13.6208	15.3164
5.89E-08	64320.2	23113.7	10492.2	5839.68	3454.36	2330.15	1653.2	1187.2	650.818	474.767	380.474	316.921	242.761	170.822	162.833	142.54	109.272	89.9013	61.7756	53.6667	43.9276	44.3272	33.9339	26.6559	32.8386	17.6068	25.1551
6.17E-08	72788.7	27904	13235.6	7412.88	4447.68	2959.4	2141.62	1515.99	901.114	667.554	547.335	404.291	339.344	287.76	211.596	176.437	144.998	133.015	107.053	78.4464	67.159	54.4538	62.2284	34.5143	29.5144	34.7088	26.1282
6.46E-08	82755.2	33043.9	15990.9	9210.39	5724.8	3888.02	2733.21	2068.08	1227.08	963.988	752.545	580.334	494.055	398.032	307.415	261.603	203.537	186.519	136.629	111.338	97.4982	82.0288	69.548	61.2241	63.9833	50.095	42.7334
6.76E-08	90958.4	38485.2	19509.6	11422	7151.84	4972.11	3584.17	2775.07	1697.11	1315.81	1002.93	813.522	641.463	524.94	432.441	356.315	324.016	240.322	191.132	169.601	135.47	116.67	92.5582	72.6783	76.9324	52.9971	53.3352
7.08E-08	102900	44781.4	23627.1	13832.4	9110.59	6262.48	4522.56	3425.84	2263.8	1711.7	1399.09	1065.76	906.753	698.553	555.029	491.232	435.583	325.757	256.491	235.896	185.554	176.851	142.504	97.7646	91.5399	82.0984	75.2483
7.41E-08	112513	51737.8	27653.4	16685.5	10858.2	7555.69	5674.55	4250.05	2806.65	2165.61	1655.66	1411.49	1110.47	936.871	747.245	614.722	552.952	456.273	348.336	282.151	242.479	230.11	203.214	161.679	131.271	109.417	104.499
7.76E-08	121134	58247.6	31929.8	20362.9	13402.2	9322.26	6855.15	5379.44	3606.7	2894.22	2240.61	1764.74	1477.88	1186.27	987.236	798.5	682.511	584.522	436.633	381.674	353.074	303.125	220.037	180.375	171.551	139.417	131.906
8.13E-08	131170	65193	37178.5	23845.9	16301.2	11479	8516.97	6695.55	4572.58	3670.33	2960.89	2196.59	1859.96	1568.34	1227.75	1044.02	854.638	780.428	594.939	525.607	466.647	387.433	269.411	252.362	206.41	164.261	174.518
8.51E-08	135990	73470.4	43153.1	27738.4	19116	13482.7	10454.8	7969.18	5798.75	4471.3	3712.05	2829.2	2345.96	1917.44	1592.36	1380.38	1167.26	944.437	715.975	644.459	558.331	455.266	376.525	311.891	263.999	235.429	236.622
8.91E-08	138713	80950.9	48459.4	32194.4	22640.4	16169	12127.1	9473.62	6776.67	5447.44	4421.8	3484.85	2947.21	2391.79	1976.87	1697.17	1410.19	1155.38	938.087	826.006	660.409	580.009	458.422	409.097	328.522	300.111	273.721
9.33E-08	147807	87777	54405	37327.4	26189.7	19142.3	14534.8	11285.9	8142.05	6510.09	5479.81	4215.28	3514.65	2912.31	2471.47	2031.33	1678.53	1429.9	1184.34	1012.32	809.972	693.472	589.715	493.404	426.353	388.303	310.108
9.77E-08	159013	94905.8	61214.6	42382.9	29698	22262.3	17252.8	13233	9704.06	7847.84	6377.85	5068.9	4150.37	3507.52	2913.15	2444.23	2081.96	1776.71	1394.35	1204.46	1018.31	830.479	717.741	586.099	449.695	438.552	381.048
1.02E-07	164118	101315	66729.2	46689	33273.1	24635.6	19439.7	14813.9	11399.9	9211.81	7342.02	5814.69	4888.23	4086.74	3376.36	2897.82	2323.29	1971.81	1625.23	1425.86	1181.47	1049.67	861.745	731.93	618.205	496.107	454.621
1.07E-07	177770	108156	72217.3	51824.9	37381.1	27846.3	21905.1	16706.7	12829.6	10349.3	8743.31	6958.51	5674.85	4676.31	4025.11	3387.74	2803.64	2341.5	1984.76	1632.31	1364.05	1254.34	1002	853.139	685.16	593.288	513.243
1.12E-07	183384	113417	78197	56594.8	41248.6	29944.9	24306	18992	14802.7	11687.1	9810.5	7739.42	6534.34	5447.21	4599.34	3822.39	3222.4	2677.37	2308.5	1904.31	1612.21	1369.13	1115.7	944.622	776.146	667.595	587.36
1.17E-07	188326	117555	82445.8	59702.2	44184.2	32389.6	26730.3	21021.5	16385.8	12929.7	10772.6	8691.04	7358.04	6047.66	5088.17	4284.1	3697.02	3027.5	2535.97	2192.99	1710.76	1553.59	1234.84	1040.76	972.547	854.125	654.084
1.23E-07	191354	124492	88074.1	64734.4	47879.6	37829.6	29228.1	22721	18194.6	14922.5	11765.5	9824.93	8189.1	6752.54	5732.07	4778.12	4007.99	3461.61	2842.39	2421.45	1973.62	1746.63	1449.36	1240.44	1059.13	896.913	775.03
1.29E-07	190700	122643	92263.8	68275.9	50520.9	39151.6	31173.8	24520.6	19621.2	16094.6	12903.4	10482.7	8961.77	7252.64	6232.54	5211.89	4443.33	3775.33	3117.04	2674.24	2158.74	1877.31	1535.99	1314.35	1121.52	973.652	798.181
1.35E-07	185743	124462	94649.4	69922.7	52801.2	40734.6	32984.3	26074.3	20775.1	17033.2	13897.2	11414.7	9467.67	7970.95	6641.93	5572.64	4656.39	4000.54	3342.81	2835.31	2377.3	2096.66	1624.44	1388.38	1210.09	1081.49	891.111
1.41E-07	189138	130356	96055.9	71887.6	54505.4	44262.3	34539.3	27079.6	21996.9	17527.9	14604.5	11924.2	10038	8390.28	7082.2	6186.77	5161.04	4261.94	3539.03	3001.45	2550.11	2124.25	1817.09	1441.78	1318.65	1099.4	939.269
1.48E-07	182017	127313	98054.3	73149.2	55688.2	45257.4	35551.2	28301.3	22747.8	18773.1	15290.5	12305.2	10393.6	8778.16	7376.86	6257.7	5281.87	4316.33	3727.13	3046.54	2647.69	2237.26	1864.54	1547.67	1333.27	1158.53	978.765
1.55E-07	177125	127546	97393	73974.5	56097.9	45443.7	35974.4	28794.2	23559.4	19391.3	15593.5	12729	10750.5	9145.28	7608.33	6387.79	5336.38	4474.16	3839.96	3124.15	2731.55	2288.55	1863.05	1632.99	1358.03	1225.71	1008.01
1.62E-07	168829	121287	95748.5	74155.2	57406.1	45578.9	35987.4	28761.9	23616.5	19047.9	15926.4	13134.1	10925.4	8963.39	7656.55	6723.11	5329.5	4576.71	3852.52	3265.56	2780.9	2363.55	1972.1	1651.09	1402.36	1222.81	1074.35
1.70E-07	161833	115591	94615	72558.9	57328.2	45255.7	36386	29391.4	23638.5	19277.6	15910	13126.1	10902.3	9141.8	7766.51	6577.91	5429.27	4697.07	3836.68	3295.79	2871.83	2389.73	1898.12	1686.21	1429.12	1262.32	1044.43
1.78E-07	149974	112331	91760.7	70435	56384.7	44247.7	35972.6	28717	23036.3	19142	15827.3	13221.5	10812.6	8978.32	7691.36	6575.1	5529.03	4688.66	3885.66	3219.32	2832.23	2414.84	1947.58	1712.23	1392.01	1247.64	1020.38
1.86E-07	142903	105746	88419.3	69118.5	54921.8	43931	35022.4	28135.1	22912	18829.6	15679.1	13064.2	10620.8	8809.43	7574.89	6479.9	5482.46	4619.14	3922.49	3256.3	2760.96	2407.05	1971.96	1672.17	1414.07	1233.16	992.051
1.95E-07	129968	105238	85395.8	66711.5	53028.1	41438.6	33909.7	27163.3	22452.4	18511.7	15473.2	12702.7	10257.1	8945.74	7577.92	6501.06	5260.77	4641.83	3869.54	3253.31	2800.92	2334.35	1879.48	1681.06	1409.42	1231.56	1006.19
2.04E-07	124383	100167	81234.2	63341.9	50493.6	40049.1	32788.8	26390.6	21617.1	17853.7	15020	12425.2	10112.8	8478.57	7248.44	6340.67	5229.08	4427.12	3770.13	3146.69	2571.33	2270.5	1886.18	1631.58	1375.07	1195.62	1070.61
2.14E-07	109475	93530.7	75795.2	59522.8	48145	38159.7	31103.4	25517.9	20668.3	17185.3	14342.1	11860	9732.74	8187.52	7073.31	6078.11	5080.64	4231.26	3603.61	3032.18	2578.87	2137.04	1887.29	1587.77	1327.94	1192.9	928.639
2.24E-07	103262	85190.2	70605.3	56919.1	45111.4	36089.6	29619.4	23987.1	19836.3	16255.6	13659	11220.3	9181.07	7743.27	6832.44	5665.51	4816.85	4071.06	3506.34	2833	2461.78	2134.37	1783.98	1485.61	1273.57	1118.69	946.198
2.34E-07	95188.8	81810.7	65778.4	54435.8	43470.7	34358.4	28197.7	22596.6	19069.4	15098	12958.1	10802.3	8957.39	7662.78	6373.87	5505.02	4605.87	3894.46	3361.98	2793.48	2429.46	1969.84	1661.5	1425.08	1196.24	1058.37	886.52
2.45E-07	84989.2	75026.2	58933.1	49595.2	39898.6	32277.6	26309.2	21089.6	18004.6	14777.6	12187.3	10166.6	8477.75	7270	6096.09	5314.95	4328.25	3733.22	3100.7	2632.98	2325.2	1956.32	1538.59	1338.24	1176.42	1038.95	853.876
2.57E-07	75340.6	67244.3	55375.8	45121.2	37127.5	29835.6	24429.2	19761.9	16588.2	13719.3	11471.5	9394.59	7962.58	6799.86	5643.67	4892.56	4151.01	3484.36	3057.01	2479.46	2082.29	1881.81	1553.92	1307.84	1075.91	954.957	791.004
2.69E-07	66558.5	60937.4	50491	42234.2	33627.8	27202.1	22111.1	18405.9	15360.8	12565.8	10589.1	9096.16	7561.35	6445.51	5451.17	4587.25	3796.2	3308.9	2816.13	2303.86	1993.52	1754.34	1429.12	1174.02	1012.03	893.823	817.574
2.82E-07	58206.4	53327.8	44790.2	38337.8	31189.3	25000.4	20639.3	17001.3	14301.2	11688	9911.38	8234.47	6947.78	5960.74	5080.42	4262.95	3613.13	2990.39	2586.59	2214.86	1827.71	1591.53	1376.83	1134.37	969.704	812.28	705.381
2.95E-07	50248.6	46722	39802.5	33976	27959	22696.3	18984.8	15396.7	13052.3	10762	8976.26	7568.81	6429.05	5433.19	4588.63	3952.08	3272	2754.45	2494.21	2048.96	1733.48	1504.89	1260.3	1092.22	868.536	739.998	613.781
3.09E-07	42909.2	40945	35164.6	29949.6	24723.3	20112.2	16953.1	14026.8	11548.2	9818.89	8134.48	6966.78	5849.65	5142.68	4175.99	3693.39	2993.25	2621.77	2141.06	1819.64	1538.31	1332.05	1166.92	954.208	772.352	726.765	561.066
3.24E-07	36842.3	34853.1	30589.6	26436	21929.3	17950.9	14964.7	12445.5	10276.1	8624.03	7226.61	6290.43	5283.9	4518.01	3907.38	3258.54	2799.45	2359.87	1932.4	1711.46	1384.33	1228.21	998.351	863.754	743.963	621.738	515.232
3.39E-07	30721.5	29133.7	26131.6	22753.3	19011	15521.4	13076.4	10978.8	8982.86	7696	6666.25	5523.06	4616.3	4028.84	3406.54	2834.31	2511.59	2071.1	1786.56	1523.34	1296.19	1076.74	903.629	802.853	679.526	544.211	485.941
3.55E-07	25777.3	24506.6	21968.3	19195.1	16207.2	13404.2	11390.8	9586.39	7729.13	6824.67	5768.09	4733.26	4129.1	3523.8	2983.93	2511.62	2229.52	1846.76	1581.8	1344.93	1153.42	953.151	827.617	706.264	605.191	514.712	448.111
3.72E-07	21139.6	20013.3	18142.3	16317.6	13668.4	11642.2	9479.47	7917.57	6536.49	5732.6	5096.79	4218.96	3496.86	3095.61	2649.63	2188.25	1944.38	1687.62	1372.05	1136.93	993.159	892.937	704.416	596.452	560.224	458.741	370.516
3.89E-07	16626.6	16633.7	15057.2	13512.1	11489.1	9762.07	8163.05	6846.14	5863.17	5049.35	4312.28	3625.4	3160.79	2612.28	2302	1974.24	1610.29	1395.29	1150.44	1014.18	831.958	760.789	636.343	508.335	480.933	391.074	328.736
4.07E-07	13141.5	13188.6	12368.4	11119.2	9529.81	7996.34	6982.99	5672.82	4992.49	4302.6	3661.57	3100.85	2665.84	2287.92	1935.15	1615.77	1419.64	1160.07	994.429	891.189	706.13	629.785	528.912	426.28	388.324	312.191	282.999
4.27E-07	11000.6	10682.2	9882.8	8935.73	7697.72	6402.17	5593.88	4598.02	4102.13	3440.96	3026.04	2642.18	2166.88	1921.97	1661.76	1426.68	1153.88	954.72	836.815	754.652	650.402	524.415	476.12	398.728	319.833	277.981	238.791
4.47E-07	8429.37	8201.01	7705.85	6907.03	6265.33	5238.44	4562.87	3791.83	3243.08	2923.6	2574.87	2110.25	1832.24	1603.12	1381.95	1113.59	972.42	852.714	683.757	568.66	493.758	448.146	378.839	324.135	296.924	222.955	196.052
4.68E-07	6474.63	6287.65	6183.04	5626.93	4886.13	4153.3	3669.21	3133.11	2697.36	2380.15	2083.12	1759.13	1537.36	1289.56	1129.28	918.336	821.725	695.695	557.037	471.337	418.304	359.755	309.797	256.654	220.569	195.302	147.191
4.90E-07	5039.76	4890.67	4756.03	4405.12	3889.51	3253.83	2867.8	2452.98	2147.8	1904.93	1659.53	1407.07	1195.5	1017.48	917.011	794.921	641.024	574.158	453.482	392.792	335.688	301.856	250.801	197.31	184.848	141.87	115.123
5.13E-07	4059.32	3865.15	3720.97	3391.37	3012.32	2543.14	2282.42	1906.72	1673.67	1511.03	1239.94	1142.29	1024.87	813.645	700.433	635.196	526.77	436.397	420.288	325.365	279.537	236.418	230.382	182.774	129.872	118.466	104.538
5.37E-07	3127.79	2941.41	2868.48	2611.94	2377.27	2062.53	1759.53	1471.96	1337.52	1132.76	1034.9	871.816	794.297	647.366	559.179	487.369	428.587	402.755	302.136	245.288	205.148	176.451	160.679	131.783	123.937	86.5267	73.7516
5.62E-07	2345.09	2298.26	2228.52	1987.45	1827.34	1572.99	1354.54	1166.67	1042.13	913.643	781.812	683.504	608.846	521.276	444.658	365.955	333.411	279.686	233.38	191.882	177.017	141.388	127.917	102.758	99.703	62.8456	51.5566
5.89E-07	1820.59	1793.04	1739.76	1539.12	1337.32	1202.66	1034.79	905.171	846.994	687.539	618.302	507.554	479.637	373.38	359.937	300.488	240.33	214.109	176.422	135.364	121.922	105.042	100.326	91.4946	63.8768	60.1146	42.55
6.17E-07	1470.1	1410.82	1341.05	1182.93	1080.38	901.428	821.33	660.408	566.924	517.325	479.454	398.909	320.339	289.819	252.025	223.608	187.144	167.963	150.608	109.437	77.6894	85.3374	64.723	50.9914	55.9171	37.2002	41.5445
6.46E-07	1112.33	1070.25	1014.92	919.276	723.808	658.368	620.837	544.76	488.033	415.347	353.752	313.297	261.133	227.067	211.042	170.505	151.31	128.472	103.557	84.8895	75.797	75.7104	54.2669	53.9337	46.1668	36.4829	30.482
6.76E-07	885.199	830.837	807.552	681.483	623.014	515.83	454.953	391.365	367.06	313.24	293.843	243.601	207.835	192.254	162.276	128.915	107.73	91.9793	79.37	66.1326	56.8961	54.1372	43.1483	43.6454	28.2925	27.5838	19.0109
7.08E-07	704.763	638.937	654.975	524.118	450.826	389.069	363.882	301.613	258.669	245.173	209.578	190.498	136.659	141.292	117.35	99.4499	95.0934	72.2568	59.7904	55.296	44.4117	33.6227	34.6892	31.8259	20.4431	20.6873	12.0917
7.41E-07	566.74	542.296	476.1	424.181	327.543	317.732	284.48	220.549	226.165	176.347	171.27	147.308	115.965	104.443	104.775	74.81	64.9221	50.1484	45.0508	40.3461	34.0011	38.5772	21.862	26.2743	15.5497	17.1082	11.6972
7.76E-07	455.75	401.16	395.299	324.308	259.731	277.142	221.441	198.963	170.883	148.507	132.175	105.714	94.814	76.0882	61.5275	54.9658	38.9589	41.3196	42.6232	33.1418	30.3883	23.9607	19	14.8017	15	9.21429	7.08556
8.13E-07	346.617	318.806	310.455	261.096	221.581	213.741	202.729	153.251	130.136	119.354	97.7003	93.9263	71.2135	57.8188	51.6863	37.6908	28.4724	30.5759	30.1977	23.8936	15.2131	14.5888	12.762	12.3518	12.0345	6.25862	10.1324
8.51E-07	298.106	281.144	224.6	185.481	166.593	186.402	140.588	126.036	105.617	102.883	72.7962	81.0196	45.9639	52.2325	21.7411	36.549	29.4891	24.4847	23.3109	18.8638	15.5846	9.66475	7.32721	9.56105	6.32699	8.0641	6.9359
8.91E-07	232.459	212.145	183.533	163.822	123.318	143.378	118.063	94.09	88.5177	74.2991	60.2272	50.5633	44.0237	31.0242	28.4228	29.4392	24.9024	13.3724	22.9286	11.9912	12.5053	9.76032	7.97792	4.42415	5.47152	10.2899	4.43963
9.33E-07	198.461	172.16	145.923	130.419	109.39	124.901	96.5269	77.9958	68.43	56.3319	48.9809	42.0004	27.4599	24.9819	25.2684	18.6131	18.4812	13.3301	20.2151	6.09447	12.1156	5.69084	6.31143	5.83582	5	5.99186	4.59701
9.77E-07	148.619	125.288	133.114	105.117	81.5983	96.5246	69.155	51.621	56.4829	61.5732	39.4711	30.0708	19.0017	14.465	15.5901	16.1317	16.1097	13.3042	10.1697	10.1009	10.8456	4.42952	6.9618	8	2.44957	3.86556	2
