 0.16667                      0.9921                  0.9843                      0.992
 0.33333                      0.9828                   0.968                     0.9821
     0.5                       0.972                  0.9499                     0.9707
 0.66667                      0.9593                  0.9288                     0.9594
 0.83333                      0.9478                  0.9107                     0.9474
       1                       0.936                  0.8923                     0.9361
 1.16667                      0.9244                  0.8753                     0.9239
 1.33333                      0.9126                  0.8575                     0.9134
     1.5                      0.9004                   0.839                     0.9025
 1.66667                      0.8878                  0.8204                     0.8924
 1.83333                      0.8768                  0.8034                     0.8822
       2                      0.8647                  0.7864                     0.8725
 2.16667                      0.8562                  0.7741                      0.865
 2.33333                      0.8478                  0.7618                     0.8585
     2.5                      0.8384                  0.7487                     0.8502
 2.66667                       0.831                  0.7387                      0.845
 2.83333                      0.8244                  0.7299                     0.8398
       3                      0.8181                  0.7218                     0.8356
 3.16667                       0.811                  0.7122                     0.8277
 3.33333                      0.8028                  0.7013                     0.8217
     3.5                       0.797                  0.6938                       0.82
 3.66667                      0.7908                  0.6852                     0.8182
 3.83333                      0.7859                  0.6787                      0.813
       4                      0.7787                   0.669                     0.8097
 4.16667                      0.7729                   0.662                     0.8067
 4.33333                      0.7671                  0.6554                     0.8034
     4.5                      0.7645                  0.6527                     0.8007
 4.66667                      0.7611                  0.6495                     0.7945
 4.83333                      0.7584                  0.6474                     0.7921
       5                      0.7562                  0.6446                       0.79
 5.16667                      0.7553                  0.6436                     0.7901
 5.33333                      0.7562                  0.6447                     0.7915
     5.5                      0.7572                  0.6463                     0.7943
 5.66667                        0.76                  0.6509                     0.7973
 5.83333                      0.7632                  0.6551                      0.801
       6                      0.7654                  0.6591                     0.8048
 6.16667                      0.7691                  0.6653                     0.8088
 6.33333                      0.7715                  0.6697                     0.8126
     6.5                      0.7736                  0.6742                      0.815
 6.66667                      0.7764                  0.6788                     0.8162
 6.83333                      0.7779                  0.6814                      0.817
       7                      0.7787                  0.6817                     0.8174
 7.16667                      0.7803                  0.6841                     0.8182
 7.33333                      0.7824                  0.6874                     0.8189
     7.5                       0.784                    0.69                     0.8197
 7.66667                      0.7854                  0.6929                     0.8202
 7.83333                      0.7872                  0.6961                     0.8202
       8                      0.7882                  0.6977                     0.8213
 8.16667                      0.7891                  0.6993                     0.8216
 8.33333                      0.7892                  0.6999                     0.8218
     8.5                      0.7891                     0.7                     0.8225
 8.66667                      0.7897                  0.7009                     0.8234
 8.83333                      0.7903                  0.7016                     0.8243
       9                      0.7906                  0.7021                     0.8251
 9.16667                      0.7913                  0.7031                     0.8262
 9.33333                      0.7924                  0.7047                     0.8273
     9.5                      0.7932                  0.7058                     0.8295
 9.66667                      0.7938                  0.7066                     0.8319
 9.83333                      0.7935                  0.7058                     0.8349
      10                      0.8326                  0.7621                     0.8494
10.16667                      0.8377                   0.769                     0.8537
10.33333                      0.8424                  0.7751                     0.8579
    10.5                      0.8474                  0.7816                     0.8618
10.66667                      0.8525                  0.7881                     0.8659
10.83333                      0.8582                  0.7956                     0.8695
      11                      0.8633                  0.8025                     0.8736
11.16667                      0.8678                   0.808                     0.8772
11.33333                      0.8725                  0.8138                      0.881
    11.5                      0.8772                  0.8201                     0.8846
11.66667                       0.881                   0.825                     0.8881
11.83333                      0.8848                  0.8299                     0.8914
      12                       0.889                  0.8355                      0.895
12.16667                      0.8924                  0.8403                     0.8984
12.33333                      0.8962                  0.8455                     0.9016
    12.5                      0.8997                  0.8504                      0.905
12.66667                      0.9032                  0.8552                      0.908
12.83333                      0.9065                    0.86                     0.9113
      13                      0.9099                  0.8649                     0.9144
13.16667                      0.9129                  0.8688                     0.9172
13.33333                      0.9147                  0.8713                     0.9191
    13.5                      0.9168                  0.8742                     0.9209
13.66667                      0.9187                  0.8769                     0.9226
13.83333                      0.9207                  0.8799                     0.9245
      14                      0.9227                  0.8827                     0.9264
14.16667                      0.9231                  0.8833                     0.9268
14.33333                      0.9236                  0.8839                     0.9272
    14.5                      0.9241                  0.8847                     0.9277
14.66667                      0.9244                  0.8851                     0.9279
14.83333                      0.9246                  0.8853                     0.9282
      15                       0.925                  0.8858                     0.9285
15.16667                      0.9267                  0.8883                     0.9301
15.33333                      0.9284                  0.8908                     0.9318
    15.5                      0.9299                  0.8931                     0.9334
15.66667                      0.9316                  0.8956                     0.9351
15.83333                      0.9331                  0.8978                     0.9367
      16                      0.9351                  0.9006                     0.9383
16.16667                      0.9354                  0.9011                     0.9385
16.33333                      0.9358                  0.9015                     0.9389
    16.5                       0.936                  0.9017                     0.9393
16.66667                      0.9362                  0.9019                     0.9396
16.83333                      0.9366                  0.9024                     0.9398
      17                      0.9369                  0.9029                     0.9403
17.16667                      0.9405                  0.9083                     0.9437
17.33333                      0.9444                   0.914                     0.9472
    17.5                      0.9483                  0.9199                      0.951
17.66667                      0.9525                  0.9261                     0.9547
17.83333                      0.9568                  0.9328                     0.9585
      18                      0.9612                  0.9394                     0.9625
18.16667                      0.9621                  0.9408                     0.9633
18.33333                      0.9631                  0.9423                      0.964
    18.5                      0.9639                  0.9435                     0.9649
18.66667                      0.9649                  0.9449                     0.9658
18.83333                      0.9658                  0.9464                     0.9667
      19                      0.9667                  0.9477                     0.9676
19.16667                      0.9667                  0.9477                     0.9678
19.33333                      0.9668                  0.9479                     0.9678
    19.5                      0.9668                   0.948                     0.9679
19.66667                      0.9668                  0.9481                      0.968
19.83333                      0.9668                   0.948                     0.9681
      20                      0.9667                  0.9479                     0.9682
20.16667                      0.9665                  0.9476                      0.968
20.33333                      0.9664                  0.9474                      0.968
    20.5                      0.9662                  0.9472                     0.9679
20.66667                       0.966                  0.9469                     0.9677
20.83333                      0.9659                  0.9469                     0.9676
      21                      0.9657                  0.9467                     0.9674
21.16667                      0.9663                  0.9477                      0.968
21.33333                      0.9669                  0.9485                     0.9684
    21.5                      0.9674                  0.9493                      0.969
21.66667                       0.968                  0.9503                     0.9695
21.83333                      0.9686                  0.9511                     0.9701
      22                      0.9692                   0.952                     0.9707
22.16667                      0.9693                  0.9522                     0.9708
22.33333                      0.9695                  0.9525                      0.971
    22.5                      0.9696                  0.9526                     0.9711
22.66667                      0.9698                   0.953                     0.9713
22.83333                      0.9699                  0.9531                     0.9714
      23                        0.97                  0.9533                     0.9715
23.16667                      0.9646                  0.9451                     0.9666
23.33333                      0.9594                  0.9373                      0.962
    23.5                      0.9547                  0.9301                     0.9577
23.66667                      0.9503                  0.9234                     0.9537
23.83333                      0.9461                  0.9171                     0.9502
      24                      0.9422                  0.9111                     0.9467
