1.02E-08	0	0	0	0	0	0	0	0	0	0	0	0	0	0	0	0	0	0	0	0	0	0	0	0	0	0	0	0	0	0	0	0	0	0	0	0	0	0	0	0	0	0	0	0	0	0	0	0	0	0	0	0
1.07E-08	0	0	0	0	0	0	0	0	0	0	0	0	0	0	0	0	0	0	0	0	0	0	0	0	0	0	0	0	0	0	0	0	0	0	0	0	0	0	0	0	0	0	0	0	0	0	0	0	0	0	0	0
1.12E-08	0	0	0	0	0	0	0	0	0	0	0	0	0	0	0	0	0	0	0	0	0	0	0	0	0	0	0	0	0	0	0	0	0	0	0	0	0	0	0	0	0	0	0	0	0	0	0	0	0	0	0	0
1.17E-08	0	0	0	0	0	0	0	0	0	0	0	0	0	0	0	0	0	0	0	0	0	0	0	0	0	0	0	0	0	0	0	0	0	0	0	0	0	0	0	0	0	0	0	0	0	0	0	0	0	0	0	0
1.23E-08	0	0	0	0	0	0	0	0	0	0	0	0	0	0	0	0	0	0	0	0	0	0	0	0	0	0	0	0	0	0	0	0	0	0	0	0	0	0	0	0	0	0	0	0	0	0	0	0	0	0	0	0
1.29E-08	0	0	0	0	0	0	0	0	0	0	0	0	0	0	0	0	0	0	0	0	0	0	0	0	0	0	0	0	0	0	0	0	0	0	0	0	0	0	0	0	0	0	0	0	0	0	0	0	0	0	0	0
1.35E-08	0	0	0	0	0	0	0	0	0	0	0	0	0	0	0	0	0	0	0	0	0	0	0	0	0	0	0	0	0	0	0	0	0	0	0	0	0	0	0	0	0	0	0	0	0	0	0	0	0	0	0	0
1.41E-08	85.5385	18.8993	2.00E-14	1	4	3	3.37272	3	6.66E-15	6.66E-15	1	1	1	4	1	1	6.66E-15	1	1	1	6.66E-15	0	0	2	0	0	6.66E-15	2	0	0	3.33E-15	2	0	1	3.33E-15	1	0	1	0.47344	3.33E-15	0	1	0	0	0	0	1	3.33E-15	1	0	3.33E-15	0
1.48E-08	111.896	25.6954	6.46254	1.26254	2.6	3.66254	0.915936	0.8	1.2	1.6	0.6	0.4	0.4	3.2	1.8	0	1.6	0.4	2.8	2.4	1.6	0.8	0	1.8	0	0	1.6	0.6	0.4	0.4	0.6	0.6	0.4	0.6	0.6	1	0	0	1.51594	0.6	0	0	0	0.4	0	0.4	0.4	0.6	0	0	0.6	0.4
1.55E-08	147.884	42.4843	8.94788	4.94788	5.97659	4.28122	0	0.666667	0	0.333333	0	0.333333	1	0.666667	1	0	0.333333	1	2	0.309921	1	0.666667	0	0	0	0	1.66667	0	1	1	0	1.33333	0.333333	0	0.666667	0.333333	0	0.666667	0	0	0	0	0	0.333333	0.666667	1	1	0	0	0	0	0.333333
1.62E-08	201.23	49.6487	11.6406	4.93253	7.35675	4.76587	2.5	0.833333	0.833333	0	0	1.66667	1	0	0	0.833333	0	1.83333	1	0.523413	0.166667	0	0	0	0.833333	0	1.16667	0	0.166667	0.166667	0	0.333333	1.66667	0	0.166667	0	0	0.166667	1.66667	2.5	0	0	0	0	0.166667	0.166667	1	0	0	0	0	0.833333
1.70E-08	263.569	70.0384	15.7902	13.8926	6.28571	4.17835	2.0709	2.14286	1.42857	0.0708989	0	1.28571	0.285714	0	0.714286	0	0	0.714286	0.714286	2.42857	0.285714	1	0	0	0.285714	0	0	0.714286	0	0	0	1	0.285714	0.714286	0	0	0	0.285714	0	0.714286	0.285714	0	0	0.285714	0	0.714286	0	0	0	0	0	0
1.78E-08	333.705	88.682	21.9528	15	7	5.5	4	0	0	0.5	0	2	0.5	0	0	0.5	0.5	1.5	0.5	0.5	0.5	0.5	0	0	1	0	0	0	0	0.5	0	0.5	1.5	1	0	0	0	0.5	0	0	0.5	0	0	0.5	0	0	0.5	0	0	0	0	0.5
1.86E-08	453.118	127.134	31.0548	20.3158	15.0601	4.85714	1.64339	0	0.714286	1.64339	0	0.571429	0.714286	0	0	0.285714	0.285714	2.28571	1	0	0.714286	0	0	0.714286	0.285714	0	0	0	0	0.744374	0	0	0.571429	0.571429	0	0	0	0	0.714286	0	0	0	0	0.714286	0	0	1	0	0	0	0.714286	0.285714
1.95E-08	612.405	178.777	59.0736	19.3579	18.5133	9	2.79757	4	0	2	2	1	0	0	0	1	0	0	0	1	0	0	0	0	0	1	0	0	0	0.357877	0	1	0	0	2	0	1	0	0	0	0	0	0	0	0	1	0	0	1	0	0	0
2.04E-08	785.693	252.495	88.8258	33.1272	20.0074	11	6.54052	3.42857	1.71429	2.14286	1.71429	0.00566434	0.714286	0.285714	0	0	0	0.714286	0	0	0	0	0.285714	0	0	0	0	0	0	0.714286	0	0	0	0	0.714286	0	0	0	0.714286	0	0	0	0.285714	0	0	0.285714	1	0	0.285714	0	0	0
2.14E-08	1012.31	330.234	134.054	56.0664	29.5477	15.375	13.7785	3.875	1	0.625	0.375	1.87004	0	1	0.625	0	0	0	0.625	0.625	0	0.625	0.375	0	0	0.625	0	0	0	0	0	0	0	0	0.625	0	0	0	0	0	0	0	0.375	0	0	0.375	1	0	0.375	0	0	0.625
2.24E-08	1350.17	485.51	187.587	79.1558	47.6608	25	16.2029	12	2.75	1	1.85147	2.12252	0.875	1	0.125	0	0	0	0.125	0.125	0.875	0.125	0	0	0	0.125	0	0	0	0	0	0	0	0.875	0.125	0	0	0	0	0	0	0	0	0	0.875	0	0.125	0	0	0	0	0.125
2.34E-08	1689.65	607.295	254.643	108.99	71.9231	39.8144	26.5073	9.21968	7.9602	6.50948	1.64853	1.875	3.625	1.875	0.125	0	0	1.875	0.25	0	0	0	0	0	0	0	0	1.9602	0	0	0	0.25	0	1.75	0	0	0	0.875	0.125	0	0	0	0	0	0	0	0.875	0.125	0	0	0.875	0
2.45E-08	2122.94	862.568	378.705	177.223	112.607	70.78	37.6041	21.3914	14.3819	5.23065	6.11111	2.33388	2.77778	1.88889	0.555556	0.444444	0	1	2	0	0	0	0	0	0	0	0	0.492444	0	0	0	1.11111	0.444444	0	0	0.444444	0	0	0.555556	0	0	0	0	0	0	0	0	0.555556	0	0	0	0
2.57E-08	2697.85	1098.58	511.198	258.543	153.529	91.3718	54.5549	33.9811	18.1104	14.8964	10.4444	5.46806	7.24653	3.69097	0	1	2.33333	1.69097	0.444444	0.777778	0	0	0.690973	0.777778	0	0	0	0	0	0	0	0	0.222222	0	0	0.222222	0	0	0	0.777778	0	0	0	0	0	0	0.777778	0	0	0	0.777778	0
2.69E-08	3327.5	1437.88	656.879	356.768	211.973	139.278	75.6789	43	29.9431	21.8474	13.7358	12.1116	3.11161	4.11161	2	0	1	1.11161	1	0.735777	1	0	0.111606	0	0	0	0	0	0	0	1	1	0	1	0	0	0	0	0	0	0	1	0	0	0	0	0	1	1	0	0	0
2.82E-08	4018.65	1809.9	874.622	501.364	280.701	167.18	113.666	68.3495	57.331	33.2017	26.7017	20.2	11.4829	11.4915	4.8	3.4	2.3	0.9	1.2	1.18495	1.6	1	1.4	0	0	0	0.3	1.09147	0.9	0	0	0.7	0.7	0	0	0	0.7	0	0	0	0.7	0.3	0.3	0	0.7	0.7	0	0	0.7	0	0	0.3
2.95E-08	4882.46	2212.27	1114.83	681.157	416.724	255.021	179.604	103.982	72.6178	51.9737	35.8573	22.0254	22.7755	13.245	6.28545	6.27273	6.27273	4.63636	3.45455	1.01272	1.90909	1	1.09091	0.545455	1.09091	0	0.454545	2.06319	1.36364	0.545455	0.545455	0	0.545455	0	0	0	0.545455	0	1.63636	0.545455	0	0.454545	0.454545	0	0	0.545455	0.545455	0	0	0.545455	0	0.454545
3.09E-08	5943.24	2964.09	1510.59	892.408	591.034	361.04	249.897	147.813	106.883	73.7532	57.6685	49.9498	32.9886	22.2407	8.07607	9.72727	9.81818	6	6.27273	6.71243	2.63636	1	2	1	2.81818	0.818182	1.63636	1.3082	1.63636	1.56892	1	0	0.181818	0	0	0	1.81818	0	1.36364	1	0	0	0	0	0	0.181818	0.181818	1.63636	0	0.181818	0	0.818182
3.24E-08	7161.43	3566.34	2066.91	1150.05	770.745	497.45	333.042	240.049	168.146	138.69	80.4184	61.3181	50.3282	35.0515	21.7127	15.1667	10.1667	13.4821	6.64881	4.96428	7.0461	2.81547	4	2.66667	4.31547	1.33333	1.16667	0	1.83333	1.42054	2	1.83333	1.66667	1.83333	1.16667	0.148807	0.333333	1.48214	2.5	2.66667	0	0	0.333333	1	1.66667	0	0	0.166667	0.166667	0	0.166667	0.166667
3.39E-08	8478.46	4357.45	2505.08	1554.7	1027.58	658.631	445.727	316.958	228.268	164.869	126.506	100.765	68.1279	50.0718	32.5639	32.1787	15.0954	20.0775	13.0715	9.54762	5.98653	8.64882	7.33333	8.67271	5.98214	4.66667	3.66667	0.833333	4.33333	1.58333	2.83333	1.83333	2.08333	1	2.83333	1.81548	1.16667	2.73214	0	1	0.172706	0.833333	1.58333	0.583333	0	1.00604	0.416667	0.583333	0.583333	0.833333	1.83333	0.583333
3.55E-08	9984.64	5393.45	3074.96	2013.61	1343.28	900.037	635.568	451.743	343.866	263.234	175.809	142.806	113.161	84.7312	56.8179	52.1427	30.7581	39.6999	26.4842	14.5228	20.379	13.8022	12	11.8406	8.1099	4.23077	9.46154	5.46154	4.76923	1	8.07221	4.38462	5	2.38462	3.30769	3.03297	2.07692	0.340665	1.38462	1	1.2252	3.38462	1	1.38462	2.07692	4.60981	1.69231	0	2.07692	2.69231	0.923077	1.38462
3.72E-08	11664.2	6371.2	3864.24	2493.8	1773.1	1226.28	861.871	617.103	441.815	358.232	254.052	238.938	162.823	143.411	89.7075	74.8805	51.587	51.2343	45.1179	26.4114	25.587	26.2935	22.587	21	25	17	21.2935	14.2935	4	7	7.41142	4	12	2	4	5	1	5	3	2	3	3	2	2	2	3	2	0	2	4	2	4
3.89E-08	13171.1	7628.63	4614.47	3184.96	2282.84	1598.37	1167.08	841.992	627.786	482.968	389.411	282.579	228.01	177.288	135.538	99.5118	83.7278	77.9946	61.2566	57.7396	49.9533	38.5558	36.6046	28.5395	25.0693	21.5838	20.172	16.5019	11.1838	11.5333	19.7848	12.4342	9.05045	8.83421	7.65045	7.08467	5.8	6.06667	4.6	4.78378	4.58378	5.06667	3.6	3.36841	3.83508	3.33333	3	2.06667	3	1	5.25044	3
4.07E-08	15243.8	8926.43	5601.03	3866.57	2706.88	1989.79	1473.13	1063.47	821.591	686.514	501.617	412.419	339.21	261.856	203.852	151.79	136.798	105.783	96.2833	81.3599	76.2533	54.3599	48.5144	46.0301	41.4299	28	38.6067	29.8377	24.5	14.0845	19	21.0844	17.0845	16.5	16.5	13	10	13	11	5.58442	12.5844	10	8	7.76115	5.6767	10.1688	4.5	7	4	3.5	7	7.5
4.27E-08	17369.4	10512	6887.04	4822.32	3446	2544.73	1820.21	1389.05	1112.41	911.935	726.525	574.349	458.526	375.059	281.68	253.614	197.735	172.217	129.809	121.081	107.326	77.7177	94.5936	65.3718	56.8002	55.1414	48.1255	49.135	33.3414	33.3651	43.4222	33.1813	25.3509	24.7939	27.8303	17.6465	14.6	17	22.2444	8.21762	11.8399	15.4667	8.28886	10.7428	9.6	11.8857	12.0667	12.4667	11.0667	13.2222	10.6081	8.53333
4.47E-08	19635.1	12014.2	7863.45	5890.66	4302.38	3228.34	2399.35	1847.97	1428.55	1174.7	962.327	788.777	652.543	555.514	427.495	337.101	259.389	247.796	209.188	182.027	165.386	122.727	123.712	102.909	84.5092	79.2637	87.2176	66.3518	47.6435	55.5817	43.676	47.9475	39.1451	39.6281	40.7793	31.0771	35.4367	28.4321	26.3642	26.3997	18.9584	18.4413	17.7855	15.0092	14.3951	16.0139	13.75	11.5818	15.6342	17.2546	12.6821	12.4321
4.68E-08	21998.2	13942.6	9438.74	7297.35	5142.9	3953.2	2985.21	2340.12	1900.45	1541.52	1254.05	1035.31	899.543	707.184	515.179	455.753	400.077	374.59	319.178	266.139	235.726	204.193	179.885	169.141	141.868	134.813	113.088	105.125	85.4491	78.308	82.3722	75.6829	65.2285	60.3761	59.2466	52.1501	55.2536	42.3672	41.8857	39.3578	33.6168	36.9711	24.0301	32.8014	26.8243	26.8281	23.4555	22.63	23.3897	21.4031	22.1907	19.3672
4.90E-08	24084.6	15834	10873.1	8375.31	5985.24	4697.03	3654.45	2942.3	2353.4	2027.7	1600.45	1332.81	1149.9	927.249	747.537	608.047	549.466	512.685	397.78	366.743	321.036	318.351	261.82	250.696	221.938	198.57	167.307	163.839	128.143	128.438	112.333	116.854	96.2216	89.6757	101.095	77.5133	80.9945	69.2366	67.893	60.681	58.9786	53.3124	41.2921	44.0076	43.1154	36.2656	35.5854	32.3278	40.0076	36.1289	40.4289	28.0444
5.13E-08	25836	17764.4	12217.5	10441.4	7113.64	5720.64	4514.58	3601.09	2917.45	2338.26	2060.53	1740.22	1459.5	1280.2	1000.23	844.248	674.351	717.426	594.081	544.147	414.402	400.173	362.289	329.98	321.292	280.176	250.576	217.056	186.221	212.996	166.103	174.307	139.078	137.364	138.057	132.713	94.0071	93.9428	81.0057	90.4402	75.4302	59.7801	72.775	64.2633	78.2308	60.5819	56.0591	60.5629	43.958	42.9755	49.5755	42.5048
5.37E-08	28573.2	19949.5	13954.8	11155.8	8329.09	6829.66	5388.42	4435.76	3736.65	2943.68	2578.41	2197.62	1796.67	1539.43	1266.72	1121.73	1001.03	934.016	754.249	694.06	635.305	574.052	516.834	408.999	399.293	366.736	338.911	307.034	274.175	263.521	277.737	213.031	210.899	207.805	186.106	174.163	148.176	154.304	152.459	115.746	119.705	115.709	112.807	99.6532	105.441	95.1458	74.2052	82.1472	70.2207	74.5964	77.9691	78.3842
5.62E-08	31085.5	21721.3	16118.6	12327.6	9918.04	7769.52	6364.47	5236.38	4294.42	3761.56	3128.34	2726.6	2309.34	2037.76	1607.21	1426.87	1330.64	1213.8	1021.3	906.375	837.403	747.766	682.334	582.366	541.026	498.72	461.919	425.271	386.107	347.161	354.275	314.979	278.906	285.755	270.968	241.614	210.236	202.755	198.194	174.817	179.462	150.03	150.875	133.63	128.848	128.971	120.541	121.664	104.827	96.045	109.709	107.082
5.89E-08	33465.2	23951.4	17623	14141.5	11355.7	9338.98	7413.72	6254.18	5246.7	4483.54	3830.21	3348.9	2882.07	2543.51	2079.01	1888.17	1641.95	1471.24	1362.81	1198.63	1111.16	1004.42	917.806	799.02	742.981	676.902	624.959	583.131	519.884	459.278	476.069	446.129	432.295	384.59	374.609	336.119	311.53	289.355	262.408	230.451	238.657	223.874	209.248	191.683	193.722	163.207	161.949	169.392	167.178	125.746	179.103	159.111
6.17E-08	35923.3	26600.7	20077.6	15837.1	12861.4	10763.6	8760.53	7462.2	6449.87	5255.58	4698.26	4005.91	3500.65	3111.87	2650.73	2284.47	2182.95	1916.95	1760.85	1512.13	1394.36	1312.58	1113.9	1069.41	998.825	910.736	850.837	745.847	710.645	695.276	659.818	604.602	523.862	534.883	484.804	513.894	467.696	409.852	396.161	365.084	329.477	315.485	282.995	276.406	301.572	249.738	257.207	235.299	236.112	239.221	223.63	220.957
6.46E-08	38315.4	28627.2	22079	17202.3	14820.1	12205.6	10147.7	8570.65	7452.1	6343.48	5520.16	4852.19	4312.13	3784.74	3267.66	2890.68	2599.75	2336.67	2188.4	1970.64	1783.23	1663.06	1529.97	1408.12	1245.84	1163.07	1019.8	1032.19	942.931	875.487	872.37	760.188	737.338	663.198	629.115	581.022	566.816	568.453	533.655	490.686	452.188	430.822	392.023	379.276	402.613	336.534	337.261	331.574	328.574	302.264	304.228	279.182
6.76E-08	40465.9	30341.4	24084.8	19656.6	16407.5	13758.8	11444.5	9924.26	8686.2	7268.07	6613.11	5704.53	5031.78	4672.68	3949.65	3472.31	3156.08	2956.88	2702.16	2496.86	2249.39	2025.37	1921.24	1717.17	1616.78	1542.67	1474.95	1296.04	1208.23	1135.27	1081.78	989.252	967.943	889.248	824.217	786.814	790.327	692.421	632.616	623.73	611.26	563.998	557.385	527.833	534.175	468.011	435.82	460.37	415.299	377.467	394.768	361.918
7.08E-08	41862.4	33484.9	26045.4	20098.8	18298.6	15445.3	12736	11378	9760.57	8657.12	7643.47	6798.92	5927.37	5570.24	4657.88	4247.54	3824.21	3668.24	3261.65	2952.15	2666.87	2527.83	2331.16	2206.03	1999.88	1958.67	1822.34	1608.5	1610.07	1355.93	1361.95	1323.64	1222.15	1146.8	992.912	1020.83	1011.1	942.95	873.302	814.318	792.638	704.998	671.199	681.693	701.497	615.232	617.77	582.038	531.264	575.723	548.148	505.247
7.41E-08	43568.6	34650.1	27919.1	22850.3	19824	17280	14863.1	12712.9	11006.5	9772.36	8537.21	7805.23	7075.43	6354.04	5534.64	4944.47	4512.16	4346.32	3961.3	3651.48	3332.24	3128.5	2915.79	2642.76	2412.81	2323.19	2141.24	2029.22	1863.21	1750	1730.06	1654.55	1554.96	1470.82	1363.9	1263.87	1252.94	1152.18	1078.21	1042.62	967.755	996.424	911.813	821.209	841.08	807.473	728.084	692.078	751.218	737.241	684.945	644.107
7.76E-08	44833.5	36552.2	29328.6	25252.2	21503.7	18889.7	16314.3	14372.7	12345.2	11042.8	10072.5	9079.94	8194.15	7287.45	6326.63	5931.9	5444.35	4973.59	4712.06	4377.9	4020.08	3753.19	3453.05	3301.11	2957.58	2874.57	2635.21	2543.7	2338.35	2256.75	2139.51	2008.57	1900.6	1766.9	1681.05	1653.11	1583.06	1495.08	1399.19	1328.97	1195.63	1261.85	1130.82	1109.55	1060.2	1086.87	1006.56	953.433	895.182	941.386	887.648	815.683
8.13E-08	45612	38233.6	31193.2	27035.1	23004.9	20534.3	17808.1	15769.9	13929.5	12078.2	11335.2	10232.1	9372.61	8498.66	7654.05	6873.36	6318.51	5847.71	5480.74	5229.27	4789.96	4512.46	4064.37	3863.94	3535.93	3401	3170.63	3060.61	2786.56	2681.56	2601.52	2418.61	2330.52	2106.64	2078.97	2017.06	1886.39	1857.83	1772.92	1656.76	1572.44	1448.47	1453.26	1412.3	1406.81	1316.7	1253.86	1283.87	1106.76	1126.36	1120.97	1067.14
8.51E-08	45635.3	39820.5	32918	28819.9	24221.6	22301.7	19419.6	17165.5	15521.8	13505	12434.6	11433.7	10320.6	9162.17	8516.35	7655.47	7277.07	6608.18	6343.29	5896.91	5503	5149.87	4917.45	4629.72	4275.76	4027.59	3679.05	3538.8	3367.26	3045.4	2985.81	2906.6	2782.52	2571.3	2573.35	2459.22	2318.66	2225.47	2080.58	2009.56	1894.13	1841.26	1711.13	1613.97	1581.41	1593.16	1588.7	1473.6	1380.5	1437.12	1284.41	1308.04
8.91E-08	47444.7	40181.8	33693.5	29984	26181.7	23461.9	20960.7	18358.5	17022.1	15275.2	13717.1	12463.1	11314.2	10600.7	9656.72	8761.85	8202.3	7788.73	7337.31	6719.21	6274.58	5843.85	5592.96	5296.74	4981.52	4651.55	4561.48	4183.31	3881.52	3740.94	3717.83	3487.3	3395.57	3084.74	3077.27	2919.67	2776.91	2656.8	2530.98	2425.92	2367.84	2235.91	2090.8	2050.64	2007.97	1885.03	1842.32	1796.23	1691.58	1765.87	1652.16	1582.29
9.33E-08	46717.4	40324.9	34621.4	30816.5	27082.4	25154.7	22284.4	20027.6	18168.2	16375.3	14887.2	13665.6	12592.1	11753.5	10680.9	9938.62	9179.51	8650.7	8140.52	7581.05	7040.8	6706.66	6384.34	5922.59	5586.56	5320.4	5185.92	4891.64	4538.35	4409.29	4287.92	3984.54	3861.27	3642.75	3591.19	3396.52	3300.88	3112.61	2947.64	2840.44	2703.15	2619.93	2527.1	2469.66	2429.02	2331.04	2222.77	2126.32	2102.51	2075.4	1953.64	1840.65
9.77E-08	45953.5	40089.9	35296.4	31651.8	28083	25856.2	23356.5	20823.9	19234.9	17769.4	16111.3	15069.6	13754.1	12594.4	11944.4	10935.4	10303.2	9641.94	9044.63	8739.32	7972.52	7593.29	7401.45	6737.98	6536.92	6181.82	5676.11	5526.89	5292.88	5037.96	4978.28	4587.34	4421.13	4270.73	4101.69	3883.33	3797.47	3613.76	3424.75	3337.83	3141.75	3046.64	2888.6	2919.27	2829.31	2760.83	2658.43	2495.47	2447.96	2383.35	2326.27	2294.15
1.02E-07	44500.5	40245	34992.5	32869.7	29066.9	26676.9	24232	21813.9	20404.1	18558.2	17308.1	15864.9	14715	13970.3	12719.1	11720.5	10885.2	10348	9942.62	9266.19	8925.61	8317.31	7895.45	7594.6	7054.75	6887.38	6685.21	6119.83	5945.28	5642.22	5483.59	5219.52	5070.94	4665.67	4600.01	4442.49	4361.25	4108.94	3812.67	3782.98	3584.05	3467.4	3450.02	3291.9	3268.28	3167.38	2953.61	2912.33	2753.03	2851.68	2684.78	2687.33
1.07E-07	43380.4	38927.3	35098.5	32039.6	29785.8	26868.1	25154.6	22787	21150.2	19378.6	18129	16859	15818.5	14738	13636.5	12628.2	11940	11423.1	10845.1	10237.3	9703.35	9133.49	8516.89	8325.18	8058.08	7543.42	7187.1	6774.4	6621.98	6227.69	6057.47	6001.42	5692.45	5407.76	5316.57	5083.63	4808.23	4618.84	4389	4408.19	4093.25	4026.48	3894.04	3801.1	3656.62	3621.69	3419.86	3361.64	3301.29	3286.07	3127.72	3037.76
1.12E-07	42126.9	38842.1	34768.8	31760	29630.5	27794.6	25308.1	23476.5	21747.7	20043.4	18901.9	17697.5	16654.9	15691.3	14757.7	13572.9	12933.6	12194.5	11391.7	10858.7	10504.6	9827.57	9402.45	8969.15	8751.25	8318.1	7889.68	7442.05	7196.18	6826.58	6690.57	6475.06	6400.82	5888.78	5841.22	5604.16	5442.45	5198.94	4850.49	4960.02	4545.3	4612.37	4396.51	4238.41	3989.92	4006.48	3953.72	3755.53	3653.73	3618.49	3469.69	3386.81
1.17E-07	39731.3	37376.3	33775.3	31580.8	29708.5	27486.8	25553.8	23312.8	22636.7	20648.5	19429.7	18148.4	16966.3	16184.8	15132	14207.7	13499	12729.5	12356.4	11769.9	10936.6	10390.7	10143.1	9782.88	9273.52	8937.29	8392.59	8099.3	7874.7	7344.91	7235.17	6798.45	6874.01	6494.7	6384.63	6118.35	5894.98	5771	5478.13	5233.19	5068.5	5055.92	4737.38	4614.28	4566.71	4411.42	4225.31	4170.65	4053.36	3921.54	3901.45	3700.55
1.23E-07	37067.8	35533.4	32502.6	30362.8	28981.8	26964.7	25316.1	23676	22167.5	20981.2	19746	18680.2	17639.7	16707.8	15579.8	14736.9	14068.8	13342.5	12996.8	11937.4	11551.8	11128.9	10547.5	10136.1	10036.1	9320.83	8833.03	8689.29	8161.42	7859.03	7800.58	7600.42	7265.88	7062.77	6888.12	6597.11	6423.1	6149.6	6075.18	5763.77	5688.95	5386.07	5183.61	5207.43	5079.2	4884.76	4852.98	4656.67	4433.33	4378.14	4346.05	4218.71
1.29E-07	35401.2	33908.2	31255.8	29645.6	28109.1	26838	24917.9	23534.1	22273.6	20759.7	19814	18682.2	17713.7	17082.3	16035.9	15112.3	14761.9	14201.2	13251.9	12280.3	12055.9	11589.2	11027.6	10543	10266	9858.85	9685.13	9095.45	8805.36	8529.53	8313.45	8096.97	7584.01	7454.89	7340.57	7077.13	6861.15	6588.83	6449.93	6248.17	5982.42	5957.94	5666.57	5581.02	5439.2	5329.1	5174.59	4911.5	4911.93	4774.57	4581.83	4498.21
1.35E-07	31946.4	31569.1	29880.8	28039.3	27050.1	26281.2	24222.5	22947.3	21845.9	20617.9	19817.4	18364.4	18022.4	17101.8	16189.8	15295.6	14774.3	14120.1	13834.7	12661.7	11815.3	12030.3	11528.5	10986.5	10728.2	10212.5	9937.57	9320.45	9222.53	8707.05	8657.18	8284.7	8009.28	7918.84	7567.11	7340.46	7167.36	6861.07	6797.89	6528.49	6164.81	6234.15	5869.99	5778.36	5722.36	5595.92	5470.49	5242.8	5156.89	4978.01	4845.23	4865.47
1.41E-07	29945.7	28948.1	27881.9	27170.6	25485.2	24948.6	23325.8	22146.4	21585.5	20274.1	19230.4	18607.3	17931.2	17101.4	15954.9	15679.7	14984.4	14232.8	13755.4	13450.2	12671.2	11977.5	11703.5	11299	10857.8	10303.4	9885.44	9777.78	9429.15	9150.89	8836.91	8763.38	8401.05	8239.44	7874.46	7721.68	7432.17	7208	7219.13	6979.47	6648.7	6421.47	6159.04	6202.15	6046.44	5910.09	5922.23	5747.51	5556.59	5378.14	5237.34	5138.72
1.48E-07	27075	26820.8	25620.2	25349.9	23914.6	23525.1	22527	21343.6	20640	19698.3	18807.3	17959.6	17566.8	16780	15890.8	15179.3	14837.6	14534.2	13940.4	13376.7	12800.3	12168.2	11545.6	11218.2	10839	10587.9	10226.8	9940.86	9614.01	9336.89	9064.43	8755.57	8711.79	8452.69	8018.18	7999.81	7513.12	7585.25	7329.53	7035.48	6843.82	6773.09	6665.03	6280.81	6226.88	6135.53	5905.38	5862.55	5649.9	5483.95	5474.2	5307.43
1.55E-07	24390	24151.3	23769.2	22974.7	22521	22178.1	21463.7	20490.4	19765.8	18856.7	18185.7	17731.3	16840.6	16138.2	15448.2	14913.6	14433.7	14118.5	13691.1	13286.9	12595.6	12352.1	11379.8	11235.8	11060.7	10590.8	10027.9	10155.4	9738.41	9254.12	9170.62	8853.61	8701.53	8396.61	8402.28	7832.76	7886.53	7653.01	7481.97	7148.19	6963.86	6989.75	6710.79	6519.89	6381.1	6210.12	6145.65	6053	5736.38	5633.83	5582.03	5404.11
1.62E-07	21591.6	21730.8	21743.7	21340	20978.5	20758.4	19405.4	19508.6	18833.4	18186	17341.3	16824.5	16184.9	15726.3	15201.1	14555.7	13918.4	13732.7	13418.5	12876	12518	12062.3	11354.6	11028.4	10624.9	10474	10409.1	10120.2	9562.71	9365.77	9096.28	8930.89	8653.44	8596.36	8483.91	7923.55	7871.56	7627.13	7601.55	7233.94	7048.45	6907.23	6766.66	6476.38	6427.5	6211.52	6348.86	6087.99	5938.08	5738.48	5535.19	5458.21
1.70E-07	19098.4	19007.1	19367.5	19264.1	19049.5	18966.8	18381.9	17769.8	17526.6	16662.4	16400.6	15861.5	15386.4	15037.4	14278.3	14081.1	13466.9	13253.8	12993.1	12216.2	12141.2	11920.2	11460.8	10869	10390.5	10174.2	9979.99	9743.58	9531.49	9137.65	8932.35	8679.22	8658.56	8571.65	8100.55	7940.72	7764.57	7573.43	7397.94	7208.68	7034.68	7033.84	6834.46	6583.2	6585.32	6366.94	6327.97	6097.62	5970.77	5828.67	5700.9	5589.05
1.78E-07	16469.4	16869.3	17232.4	17024.6	17034.8	17151.4	16629.3	16345.3	16057.8	15364.3	15370.5	15007.1	14487	14129	13750.9	13447.6	12911.2	12801.7	12488.1	12147.7	11524.5	11518	10907.6	10414.9	10388.3	10023.7	9640.09	9543.9	9220.71	8933.49	8905	8586.9	8468.17	8358.34	8084.75	7774.42	7597.7	7443.95	7314.56	7135.83	6923.56	6951.25	6707.99	6549.11	6339.79	6289.18	6187.29	5934.65	5836.93	5664.97	5574.91	5579.18
1.86E-07	14375.3	14554.4	15280.3	15038.3	15470.4	15338.8	14959.1	14801.4	14958.9	14354	14316.5	13790.8	13598.4	12940	13042.9	12753	12584.7	11839	11711.6	11386.5	11036.5	10920.3	10197.5	9934.76	9844.44	9541.99	9351.78	9239.23	8958.03	8687.25	8646.13	8457	8215.96	8104.84	7725.56	7610.39	7438.11	7355.05	7181.42	7003.11	6903.72	6726.69	6648.55	6417.15	6162.23	6142.45	6159.7	5910.12	5738.55	5493.86	5632.38	5479.7
1.95E-07	12267	12532.9	13103.1	13419.4	13482.7	13776.8	13642.7	13676.7	13499.1	13091.6	12929.1	12694.3	12333.1	11971	11785.7	11800.2	11241.7	11060.6	10775.2	10389.4	10277.7	10058.1	9780.09	9549.33	9385.9	9081.79	8721.81	8780.99	8721.81	8204	8278.52	7949.63	8004.72	7688.1	7611.93	7531.27	7018.74	7060.57	6891.88	6960.26	6544.9	6555.79	6391.45	6270.37	6290.01	5994.61	5834.76	5743.41	5602.5	5520.17	5443.16	5311.24
2.04E-07	10350.9	10715.4	11333.4	11650.8	11820.8	11850.3	12048.6	12004.5	12104.5	11890	11621.7	11548.7	11437.1	11335.8	10940.9	10803.5	10445	10479.9	10077.1	9810.95	9577.99	9605.28	8959.73	9050.75	8691.55	8496.64	8521.8	8293.98	8125.93	7919.96	7830.32	7632.02	7528.97	7256.24	7228.98	7142.29	6866.75	6662.09	6655.91	6587.4	6393.57	6385.34	6243.03	6011.75	6013.3	5557.95	5726.87	5556.06	5369.64	5307.87	5238.15	5171.44
2.14E-07	8537.55	8888.59	9423.54	9588.32	9901.8	10131.9	10174.7	10343.8	10502.5	10510.3	10385.9	10254.6	10048.8	9930.22	9697.49	9584.6	9429.91	9390.51	9286.19	8968.04	8776.61	8753.63	8418.4	8367.37	8279.91	7946.95	7894.86	7786.41	7653.53	7325.18	7212.81	7139.9	6912.87	6834.87	6775.9	6625.67	6467.73	6302.57	6352.85	6169.46	5953.1	5836.99	5782.5	5782.06	5523.63	5456.51	5388.62	5296.79	5227.22	5182.51	4963.25	4951.36
2.24E-07	6928.87	7495.08	7770.23	7858.09	8315.39	8705.04	8731.27	9060.22	9233.5	8744.57	9071.13	9068.85	9033.42	8852.95	8803.11	8683.52	8589.7	8570.51	8384.11	8049.18	8090.31	7976.69	7849.18	7544.19	7560.29	7612.34	7273.06	7256.35	7082.13	6935.98	6780.24	6805.33	6533.87	6484.87	6311.22	6106.19	5966.72	5996.66	5993.71	5582.85	5706.55	5566.02	5566.6	5506.73	5382.68	5140.18	5062.38	4975.55	4845.93	4864.5	4701.09	4730.24
2.34E-07	5930.09	6128.54	6449.35	6846.31	6918.31	7167.4	7479.39	7700.72	7739.16	7804.47	7799.27	7924.62	8046.11	8001.74	7678.93	7845.74	7738.42	7568.19	7668.88	7326.76	7300.64	7307.55	6979.54	6880.37	7052.58	6928.16	6785.11	6612.2	6508.53	6219.4	6152.79	6174.59	6212.8	6047.23	5948.51	5815.71	5641.03	5640.83	5566.24	5460.62	5261.82	5269.03	5190.28	5180.05	4838.7	5011.94	4784	4714.75	4466.26	4639.41	4448.86	4563.56
2.45E-07	4714.81	5060.87	5316.66	5553.58	5692.98	5995.64	6204.08	6474.2	6584.54	6526.71	6790.18	6745.32	6952.1	6939.51	6836.58	6830.71	6831.92	6693.62	6698.19	6576.04	6339.59	6510.76	6397.09	6347.95	6292.74	6334.91	6058.7	5853.7	5817.81	5836.78	5711.42	5757.94	5597.85	5457.02	5408.68	5341.22	5274.23	5131.71	5018.01	5021.95	4897.77	4824.17	4790.69	4712.54	4603.29	4447.53	4413.15	4428.22	4266.99	4221.11	4218.78	4264.44
2.57E-07	3789.43	3976.05	4279.12	4353.29	4576.73	4847.82	5062.07	5222.79	5376.56	5545.77	5515.24	5663.23	5792.27	5726.46	5751.39	5874.74	5783.8	5803.05	5670.73	5598.98	5463.7	5624.59	5576.64	5557.91	5428.05	5387.41	5344.81	5317.86	5329.38	5289.78	5108.52	5147.73	4986.43	4899.93	4904.65	4786.51	4714.93	4619.44	4605.16	4613.76	4428.63	4398.84	4361.95	4276	4253.12	4164.72	4033.18	4029.51	4040.46	3889.32	3918.01	3793.06
2.69E-07	2960.24	3025.74	3284.57	3472.34	3621.99	3912.38	4093.62	4184.55	4326.68	4509.08	4537.53	4780.44	4810.22	4815.33	4680.22	4876.86	4950.94	4960.73	5034.67	4740.24	4909.59	4954.3	4876.73	4884.87	4799.04	4803.77	4730.99	4638.24	4693.66	4544.25	4421.78	4411.18	4466.51	4321.21	4214.25	4327.78	4342.38	4191.79	4072.12	4095	4013.1	3937.75	3949.69	4135.67	3724.88	3750.28	3686.8	3621.12	3600.31	3501.93	3449.73	3436.98
2.82E-07	2278.59	2441.69	2627.78	2692.39	2821.74	3088.12	3090	3384.47	3448.92	3460.36	3649.1	3730.38	3776.13	3896	3875.45	3962.31	3962.27	4087.78	3988.92	4032.54	4072.36	3995.77	4107.11	4077.96	4013.9	3956.21	3997.89	3966.64	3942.36	3985.28	3793.13	3883.69	3806.84	3781.8	3820.7	3588.8	3676.88	3651.9	3599.79	3581.85	3505.03	3501.68	3437.11	3458.81	3417.74	3318.03	3199.04	3248.2	3203.93	3202.81	3162.76	3089.58
2.95E-07	1766.06	1969.97	1996.41	1993.16	2152.77	2329.21	2394.93	2612.05	2652.61	2749.66	2906.02	2961.74	3029.43	3107.82	3122.46	3224	3215.34	3202.21	3367.03	3270.4	3324.96	3333.29	3386.7	3403.1	3348.52	3374.37	3368.57	3317.31	3163.2	3376.04	3218.2	3210.43	3164.2	3237.38	3183.08	3078.78	3159.77	3166.91	3096.57	3104.34	3119.73	3033.21	2902.99	2995.9	2940.12	2865.87	2814.92	2780.01	2836.74	2702.29	2808.92	2686.57
3.09E-07	1384.35	1452.64	1489.96	1475.66	1664.23	1815.22	1772.57	1931.4	1981.98	2071.56	2186.55	2325.63	2348.17	2376.59	2528.51	2531.22	2604.96	2416.52	2584.26	2578.15	2579.2	2673.8	2643.39	2736.9	2735.03	2791.95	2832.94	2798.04	2664.04	2790.31	2689.72	2731.36	2686.41	2627.19	2730.4	2643.51	2646.39	2703.07	2617.54	2634.9	2579.3	2587.14	2473.39	2557.49	2406.89	2397.74	2385.44	2434.7	2362.91	2392.91	2352.46	2279.34
3.24E-07	1007.12	1081.98	1167.59	1113.67	1231.25	1265.55	1348.67	1437.68	1551.13	1554.17	1732.17	1668.67	1799.18	1864.71	1848.79	1973.84	1909.62	1947.03	2028.58	2086.9	2039.86	2147.75	2107.07	2171.98	2204.41	2180.99	2159.66	2186.98	2245.96	2187.04	2174.47	2126.96	2168.89	2107.43	2219.44	2141.12	2252.3	2216.09	2208.41	2200.23	2123.9	2138.4	2155.92	2120.19	2075.24	2017.73	2103.88	2033.27	2034.28	2029.06	1954.81	1975.07
3.39E-07	771.54	780.528	835.973	849.166	870.809	923.823	974.634	1086.67	1149.71	1197.67	1295.49	1331.19	1295.59	1389.55	1403.66	1446.37	1432.16	1510.13	1512.89	1522.31	1599.22	1674.34	1660.63	1704.87	1716.65	1709.53	1742.32	1708.37	1761.3	1776.51	1687.92	1687.37	1697.49	1760.92	1745.53	1777.38	1760.77	1803.5	1787.6	1742.84	1759.48	1808.77	1694.32	1737.31	1654.64	1646.77	1766.74	1740.28	1683.5	1642.62	1635.43	1614.99
3.55E-07	598.56	611.294	625.267	617.048	651.499	681.59	735.772	799.742	846.566	895.224	902.154	967.698	1022.19	1021.36	1065.25	1099.25	1079.57	1099.18	1112.78	1135.96	1208.35	1274.13	1234.01	1310.99	1341.73	1322.98	1382.7	1353.6	1336.49	1372.74	1313.35	1289.81	1358.17	1338.29	1387.66	1402.18	1363.8	1459.29	1426.75	1380.01	1365.26	1463.16	1363.99	1419.82	1377.35	1371.08	1401.16	1392.59	1338.7	1388.56	1358.95	1369.65
3.72E-07	457.249	476.419	414.881	426.169	500.833	523.153	517.495	579.179	567.042	616.966	633.425	685.819	730.947	748.166	769.616	783.826	779.133	767.574	819.797	869.786	817.067	913.644	882.905	965.622	1012.12	1023.47	1035.81	1025.23	1045.41	1041.54	1043.32	1067.19	1064.26	1019.77	1129.35	1078.18	1075.71	1106.06	1066.76	1103.43	1039.65	1088.57	1065.34	1121.85	1121.26	1114.59	1073.26	1067.95	1090.1	1111.81	1052.7	1105.16
3.89E-07	306.231	330.995	350.919	325.838	370.613	354.801	415.372	420.924	429.432	457.563	478.9	473.671	524.167	531.072	536.782	571.269	550.807	605.948	599.563	612.006	641.157	665.707	718.352	693.14	705.214	771.505	742.508	764.309	814.141	817.643	818.167	772.993	809.596	817.232	863.099	812.824	871.215	839.977	845.725	858.381	850.183	864.327	875.482	871.119	840.893	824.639	854.222	881.407	863.616	821.87	875.059	856.584
4.07E-07	248.539	236.952	246.493	240.41	267.866	267.157	319.006	306.093	337.59	318.245	351.576	366.762	376.704	383.858	359.555	425.178	386.793	425.779	436.792	461.574	487.158	500.238	518.066	547.68	514.706	578.367	557.466	566.148	577.957	594.991	609.236	595.961	584.94	608.893	629.241	628.456	648.924	650.683	614.166	623.484	629.724	676.572	685.974	694.87	703.208	650.287	698.323	682.45	664.162	648.562	670.282	678.119
4.27E-07	167.338	205.671	174.162	174.722	185.35	192.162	213.035	200.334	219.091	235.451	260.911	235.442	261.44	275.769	274.916	280.857	262.665	284.983	299.618	323.333	338.258	365.555	360.385	395.198	339.237	385.591	395.248	411.49	436.385	413.695	375.127	423.793	417.438	451.781	453.035	459.853	488.742	433.954	477.4	489.262	473.154	512.828	472.156	489.847	488.399	481.197	473.444	517.391	515.21	486.252	497.256	535.073
4.47E-07	114.173	106.044	135.642	124.493	140.468	148.08	109.402	179.113	175.687	173.452	174.968	163.363	180.712	214.481	204.213	213.081	176.305	207.878	206.961	218.595	236.234	260.287	230.305	238.536	253.109	292.027	272.53	287.933	287.787	311.384	270.5	271.984	299.241	341.565	324.469	324.837	327.759	347.762	333.132	332.161	400.85	364.727	332.938	364.193	317.836	336.911	363.098	362.203	360.588	366.36	370.206	387.331
4.68E-07	99.8643	82.2559	87.5304	74.5386	102.746	116.626	103.507	133.044	125.932	126.194	143.637	132.889	131.372	130.155	130.416	140.18	137.704	131.944	150.005	145.655	162.924	181.027	180.792	172.805	188.342	184.425	187.588	200.797	190.364	202.509	182.821	201.794	205.825	232.376	217.912	235.335	229.312	230.191	239.46	245.149	258.568	256.016	264.465	259.579	252.302	246.342	267.578	258.869	271.817	263.173	281.568	299.173
4.90E-07	75.2786	68.0819	60.1062	65.3847	69.5577	81.2724	83.0801	100.185	89.6248	89.5717	108.836	107.252	91.0196	97.0566	104.982	92.919	89.2379	101.89	106.428	110.544	110.81	135.463	123.705	123.24	129.132	117.021	139.404	141.665	130.369	141.628	116.209	134.914	155.389	142.671	162.39	167.616	176.297	177.459	164.102	181.653	195.947	179.537	179.762	195.273	172.251	174.852	192.05	184.862	197.797	186.947	183.908	204.793
5.13E-07	55.0114	53.9883	57.6047	51.1828	55.8538	45.413	82.9375	57.7359	72.0381	64.6025	78.7067	71.7481	77.3302	76.3526	65.8717	71.4181	61.8347	58.7007	86.9805	73.04	74.7672	91.1498	109.755	95.3691	77.5628	89.0104	95.4944	106.38	96.9046	92.4319	88.6138	84.3497	113.065	94.4967	125.12	123.18	115.355	119.099	123.813	110.982	123.623	130.603	131.573	124.587	119.82	133.715	114.882	140.622	142.592	113.884	149.889	150.043
5.37E-07	45.4169	33.8891	36.3176	46.7643	43.419	55.6267	48.7641	51.2519	54.0964	44.0216	45.6323	58.7783	57.0545	53.3392	43.5063	51.3678	44.5694	53.2075	52.7495	65.0627	61.0245	61.4714	74.1361	64.0008	66.537	70.5408	66.7303	66.9453	60.1248	73.2708	56.2012	62.1524	68.1471	61.315	80.8612	80.8382	84.2355	74.9887	88.1372	87.653	90.9232	90.4157	91.7212	96.1451	68.9934	80.9366	80.1601	105.575	88.9109	107.568	105.111	108.805
5.62E-07	26.8874	28.0138	19.3432	28.4468	34.7306	40.0519	45.5568	41.3037	35.6602	42.785	34.645	48.7759	37.4332	29.071	33.8234	38.5808	39.3798	37.3161	38.9022	50.0748	50.0354	45.1752	46.6017	39.9153	48.8055	43.3404	44.9153	48.2336	44.1265	48.4631	40.8006	49.2514	55.3378	50.3908	60.9668	51.4843	59.4847	65.2451	63.6519	62.3128	64.3417	57.176	63.7879	55.8141	54.8874	55.1079	60.5734	57.6568	68.5398	64.8723	72.5505	70.035
5.89E-07	19.0074	18.0055	15.5889	19.0074	26.7283	21.1976	41.0194	33.4968	32.7167	30.7935	29.7903	38.7111	30.8922	29.8743	20.1277	32.9328	31.607	36.4845	34.3114	36.0249	44.6972	31.6056	40.1547	35.7609	41.0125	31.0458	31.2089	28.43	30.9736	26.4239	39.5323	43.1502	29.8828	30.3102	39.2373	39.323	55.4732	39.0671	57.6759	41.7097	47.2811	44.7546	34.0373	33.8995	36.0074	40.4317	46.6319	40.4419	47.5516	45.1364	48.9221	42.6421
6.17E-07	20.7092	15.1304	10.5081	19.508	20.4474	27.9999	27.3034	34.7202	19.4474	20.6649	27.4756	25.3141	18.7463	29.9908	16.895	17.0195	25.7451	21.88	21.9301	19.2266	25.5023	30.686	26.9037	22.0486	27.9036	26.3453	20.9123	25.2623	21.9406	21.714	14.1217	23.6856	22.5986	31.8045	30.4826	21.6591	37.7732	39.2236	23.558	21.0369	24.9763	24.0507	25.3512	27.6557	20.6919	34.6976	32.209	35.1023	25.1321	38.5432	36.2117	36.1233
6.46E-07	16.6615	12.4211	10.1595	20.6866	22.2465	24.9715	22.5754	16.0388	19.6535	18.9625	16.7625	14.1065	19.9625	20.4017	19.1587	15.0569	18.4633	19.8884	20.512	20.5647	21.0569	22.4892	19.3186	25.4017	20.1259	21.1448	23.9293	23.4918	15.122	15.6599	19.7949	25.4901	24.8462	29.3048	22.6762	21.9155	24.7379	21.6918	21.0998	23.4302	28.6923	25.8337	19.5664	20.2189	14.1401	25.9943	24.218	29.2604	29.6746	26.4193	28.8371	23.6888
6.76E-07	15.1198	11.1074	9.48971	19.5903	19.3341	23.5344	22.3623	16.0227	16.3383	17.0689	19.9704	17.1254	17.5523	9.5379	16.0745	14.1591	17.4587	14.9704	21.6289	17.1316	15.8781	21.2598	18.905	15.7135	16.1275	19.8547	12.383	19.5482	13.8292	16.1935	13.8347	18.6329	19.5641	18.3843	15.4966	19.9457	19.0089	14.584	23.9538	15.7432	13.2831	13.8843	15.2934	11.5964	11.8781	20.8829	15.071	16.7728	19.2087	16.1054	16.4662	19.6984
7.08E-07	8.81789	7.28674	10.846	10.0166	15.4845	24.6236	12.5682	20.5891	14.5643	14.5229	20	11.7502	19.8008	17.7504	15.4796	9.92956	15.6307	16.2747	18.7169	19.5098	14.1448	18.2683	11.9213	10.5933	11.2149	15.0996	14.8086	11.0913	11.6929	8.89641	10.498	16.5851	16.8349	13.5933	7.77508	17.9464	17.6598	10.2493	12.7843	12.207	10.1618	15.5895	10.0963	5.30663	11.9456	16.4859	11.8368	18.0833	11.7303	11.7916	9.05942	18.0783
7.41E-07	11.9931	9.82683	6	11.5799	10.5972	16.4804	11.5513	13	9.4931	8.27043	10.7704	8.67283	10.6446	10.3333	11.1901	4.51698	15.8676	18.5687	15.7574	15.7531	18.3568	11.0343	15.3742	6.66013	9.16667	11.9371	15.7531	12.2466	8.16013	6.8395	7.10376	12	16.8611	11.1034	7.79393	17.7443	11	14.7639	7.77043	8.43709	9.83333	5.8268	10.1771	10.5	9.93706	10.4935	7.08642	16.8611	7.7639	13.3804	11.6471	12.7874
7.76E-07	8.11111	5.69156	5.10714	12.9793	14.204	7.69156	11.3186	7.10714	8.55753	7.57415	7.81928	7.00396	12.9692	5.66071	6.41542	4.93815	13.6889	13.222	11.1586	18.3185	17.3846	12.4567	10.3805	8.32143	13.6607	10.2219	11.0864	9.50198	8.125	6.89682	6.02058	10.5714	11.2246	10.1317	8.94574	13.7755	9.01299	9.11473	9.12772	6.98974	10.7857	5.55357	5.38458	3.69156	9.11473	4.89286	13.8413	10.9795	14.8826	9.76914	6.21429	13.16
8.13E-07	6.24905	6.10561	1.77586	11.1526	7.03448	15.5194	8.37024	8.96552	9.47319	10.4418	10.1767	8.1025	8.48276	9.18966	7.60083	2.38315	9.54527	8.25217	14.4354	20.3767	15.0125	11.1056	9.98709	6.48276	12.7414	11.7414	7.41117	6.15901	6.81034	7.24905	10.1832	11.6638	4.88147	8.72536	13.09	7.69828	7.95906	9.88793	9.95905	7.22414	7.06897	6.48276	3.38315	6.70044	8.77586	9.7069	11.4176	8.48276	8.81034	6.50768	6.96552	8.41763
8.51E-07	0	0	0	0	0	0	0	0	0	0	0	0	0	0	0	0	0	0	0	0	0	0	0	0	0	0	0	0	0	0	0	0	0	0	0	0	0	0	0	0	0	0	0	0	0	0	0	0	0	0	0	0
8.91E-07	0	0	0	0	0	0	0	0	0	0	0	0	0	0	0	0	0	0	0	0	0	0	0	0	0	0	0	0	0	0	0	0	0	0	0	0	0	0	0	0	0	0	0	0	0	0	0	0	0	0	0	0
9.33E-07	0	0	0	0	0	0	0	0	0	0	0	0	0	0	0	0	0	0	0	0	0	0	0	0	0	0	0	0	0	0	0	0	0	0	0	0	0	0	0	0	0	0	0	0	0	0	0	0	0	0	0	0
9.77E-07	0	0	0	0	0	0	0	0	0	0	0	0	0	0	0	0	0	0	0	0	0	0	0	0	0	0	0	0	0	0	0	0	0	0	0	0	0	0	0	0	0	0	0	0	0	0	0	0	0	0	0	0
