1.02E-08	0	0	0	0	0	0	0	0	0	0	0	0	0	0	0	0	0	0	0	0	0	0	0	0	0	0	0	0	0	0	0	0	0	0	0	0	0	0	0	0	0	0	0	0	0	0	0	0	0	0	0	0	0	0	0	0	0	0	0	0	0	0	0	0	0	0	0	0	0	0	0	0	0	0	0	0	0	0	0	0	0	0	0	0	0	0	0	0	0	0	0	0	0	0	0	0	0	0	0	0	0	0	0	0	0	0	0	0	0	0	0	0	0	0	0	0	0	0	0	0	0	0	0	0	0	0	0	0	0	0	0	0	0	0	0	0	0	0	0	0	0	0	0	0	0	0	0	0	0	0	0	0	0	0	0	0
1.07E-08	0	0	0	0	0	0	0	0	0	0	0	0	0	0	0	0	0	0	0	0	0	0	0	0	0	0	0	0	0	0	0	0	0	0	0	0	0	0	0	0	0	0	0	0	0	0	0	0	0	0	0	0	0	0	0	0	0	0	0	0	0	0	0	0	0	0	0	0	0	0	0	0	0	0	0	0	0	0	0	0	0	0	0	0	0	0	0	0	0	0	0	0	0	0	0	0	0	0	0	0	0	0	0	0	0	0	0	0	0	0	0	0	0	0	0	0	0	0	0	0	0	0	0	0	0	0	0	0	0	0	0	0	0	0	0	0	0	0	0	0	0	0	0	0	0	0	0	0	0	0	0	0	0	0	0	0
1.12E-08	0	0	0	0	0	0	0	0	0	0	0	0	0	0	0	0	0	0	0	0	0	0	0	0	0	0	0	0	0	0	0	0	0	0	0	0	0	0	0	0	0	0	0	0	0	0	0	0	0	0	0	0	0	0	0	0	0	0	0	0	0	0	0	0	0	0	0	0	0	0	0	0	0	0	0	0	0	0	0	0	0	0	0	0	0	0	0	0	0	0	0	0	0	0	0	0	0	0	0	0	0	0	0	0	0	0	0	0	0	0	0	0	0	0	0	0	0	0	0	0	0	0	0	0	0	0	0	0	0	0	0	0	0	0	0	0	0	0	0	0	0	0	0	0	0	0	0	0	0	0	0	0	0	0	0	0
1.17E-08	0	0	0	0	0	0	0	0	0	0	0	0	0	0	0	0	0	0	0	0	0	0	0	0	0	0	0	0	0	0	0	0	0	0	0	0	0	0	0	0	0	0	0	0	0	0	0	0	0	0	0	0	0	0	0	0	0	0	0	0	0	0	0	0	0	0	0	0	0	0	0	0	0	0	0	0	0	0	0	0	0	0	0	0	0	0	0	0	0	0	0	0	0	0	0	0	0	0	0	0	0	0	0	0	0	0	0	0	0	0	0	0	0	0	0	0	0	0	0	0	0	0	0	0	0	0	0	0	0	0	0	0	0	0	0	0	0	0	0	0	0	0	0	0	0	0	0	0	0	0	0	0	0	0	0	0
1.23E-08	0	0	0	0	0	0	0	0	0	0	0	0	0	0	0	0	0	0	0	0	0	0	0	0	0	0	0	0	0	0	0	0	0	0	0	0	0	0	0	0	0	0	0	0	0	0	0	0	0	0	0	0	0	0	0	0	0	0	0	0	0	0	0	0	0	0	0	0	0	0	0	0	0	0	0	0	0	0	0	0	0	0	0	0	0	0	0	0	0	0	0	0	0	0	0	0	0	0	0	0	0	0	0	0	0	0	0	0	0	0	0	0	0	0	0	0	0	0	0	0	0	0	0	0	0	0	0	0	0	0	0	0	0	0	0	0	0	0	0	0	0	0	0	0	0	0	0	0	0	0	0	0	0	0	0	0
1.29E-08	0	0	0	0	0	0	0	0	0	0	0	0	0	0	0	0	0	0	0	0	0	0	0	0	0	0	0	0	0	0	0	0	0	0	0	0	0	0	0	0	0	0	0	0	0	0	0	0	0	0	0	0	0	0	0	0	0	0	0	0	0	0	0	0	0	0	0	0	0	0	0	0	0	0	0	0	0	0	0	0	0	0	0	0	0	0	0	0	0	0	0	0	0	0	0	0	0	0	0	0	0	0	0	0	0	0	0	0	0	0	0	0	0	0	0	0	0	0	0	0	0	0	0	0	0	0	0	0	0	0	0	0	0	0	0	0	0	0	0	0	0	0	0	0	0	0	0	0	0	0	0	0	0	0	0	0
1.35E-08	0	0	0	0	0	0	0	0	0	0	0	0	0	0	0	0	0	0	0	0	0	0	0	0	0	0	0	0	0	0	0	0	0	0	0	0	0	0	0	0	0	0	0	0	0	0	0	0	0	0	0	0	0	0	0	0	0	0	0	0	0	0	0	0	0	0	0	0	0	0	0	0	0	0	0	0	0	0	0	0	0	0	0	0	0	0	0	0	0	0	0	0	0	0	0	0	0	0	0	0	0	0	0	0	0	0	0	0	0	0	0	0	0	0	0	0	0	0	0	0	0	0	0	0	0	0	0	0	0	0	0	0	0	0	0	0	0	0	0	0	0	0	0	0	0	0	0	0	0	0	0	0	0	0	0	0
1.41E-08	85.5385	18.8993	2.00E-14	1	4	3	3.37272	3	6.66E-15	6.66E-15	1	1	1	4	1	1	6.66E-15	1	1	1	6.66E-15	0	0	2	0	0	6.66E-15	2	0	0	3.33E-15	2	0	1	3.33E-15	1	0	1	0.47344	3.33E-15	0	1	0	0	0	0	1	3.33E-15	1	0	3.33E-15	0	1	3.33E-15	1	0	0	1	3.33E-15	0	6.66E-15	3.33E-15	0	0	0	0	0	0	0	3.33E-15	0	0	0	1	3.33E-15	3.33E-15	0	1	0	1	1	1	0	2	0	1	0	1	3.33E-15	3.33E-15	0	0	0	0	0	0	1	0	1	0	3.33E-15	0	0	1	1	0	0	0	0	0	0	0	0	1	0	0	0	0	0	0	0	0	0	0	0	3.33E-15	1	0	0	3.33E-15	2.75E-15	0	0	1	0	0	0	0	0	0	0	0	0	0	0	0	0	0	0	0	2.75E-15	0	0	0	0	0
1.48E-08	111.896	25.6954	6.46254	1.26254	2.6	3.66254	0.915936	0.8	1.2	1.6	0.6	0.4	0.4	3.2	1.8	0	1.6	0.4	2.8	2.4	1.6	0.8	0	1.8	0	0	1.6	0.6	0.4	0.4	0.6	0.6	0.4	0.6	0.6	1	0	0	1.51594	0.6	0	0	0	0.4	0	0.4	0.4	0.6	0	0	0.6	0.4	0	0.6	0	0	0	0	0.6	0	1.2	0.6	0	0.4	0.4	0	0	0	0	1	0	0	0	0.4	1	0.6	0.4	0	0	0	0	0.4	0.8	0	0	0	0.4	0	1	1	0	0	0	0.4	0.4	0	0	0	0	0.8	0.6	0	0.4	0	0	0	0	0	0	0	0	0	0.4	0	0	0	0.4	0	0	0	0	0	0	0	0	0.6	0.6	0	0	0.6	0.565118	0	0	0	0	0	0	0	0	0	0	0	0	0	0	0	0	0	0	0	0.565118	0	0	0	0	0
1.55E-08	147.884	42.4843	8.94788	4.94788	5.97659	4.28122	0	0.666667	0	0.333333	0	0.333333	1	0.666667	1	0	0.333333	1	2	0.309921	1	0.666667	0	0	0	0	1.66667	0	1	1	0	1.33333	0.333333	0	0.666667	0.333333	0	0.666667	0	0	0	0	0	0.333333	0.666667	1	1	0	0	0	0	0.333333	0	0	0	0	0	0	0	0	0.666667	0.666667	0	0.333333	0.333333	0	0	0	0	0.333333	0	0	0.309921	1	0.333333	0	0.333333	0	0	0	0.666667	0.333333	0.666667	0	0.666667	0	0.333333	0	1	0.333333	1.33333	0	0	0.333333	0.333333	0	0	0	0	0.666667	0.666667	0.666667	0.333333	0	0	0	0	0	0	0	0	0	0.333333	0	0	0	0.333333	0.666667	0	0	0	0	0	0	0	0	0	0	0	0	0.058137	0	0	0	0	0	0	0.666667	0	0	0	0	0	0.666667	0	0	0	0	0	0	0.058137	0	0	0	0	0
1.62E-08	201.23	49.6487	11.6406	4.93253	7.35675	4.76587	2.5	0.833333	0.833333	0	0	1.66667	1	0	0	0.833333	0	1.83333	1	0.523413	0.166667	0	0	0	0.833333	0	1.16667	0	0.166667	0.166667	0	0.333333	1.66667	0	0.166667	0	0	0.166667	1.66667	2.5	0	0	0	0	0.166667	0.166667	1	0	0	0	0	0.833333	0	0	0	0	0	0	0	0	0.166667	0.166667	0	0	0	0	0	0.833333	0	0	0	0	1.35675	1	0	0.833333	0	0	0	0	0.166667	0	0	0	0.166667	0	0	0.833333	0.166667	0.833333	1.16667	0	0.833333	0	0	0	0	0	0	0	0.166667	0.166667	0	0	0	0	0	0	0	0	0	0	0	0	0	0	0	0.166667	0	0	0	0	0	0	0	0	0	0	0	0	0	0.833333	0	0	0	0	0	0.166667	0	0	0.833333	0	0	0.166667	0	0	0	0	0	0	0	0	0	0	0	0
1.70E-08	263.569	70.0384	15.7902	13.8926	6.28571	4.17835	2.0709	2.14286	1.42857	0.0708989	0	1.28571	0.285714	0	0.714286	0	0	0.714286	0.714286	2.42857	0.285714	1	0	0	0.285714	0	0	0.714286	0	0	0	1	0.285714	0.714286	0	0	0	0.285714	0	0.714286	0.285714	0	0	0.285714	0	0.714286	0	0	0	0	0	0	0	0.714286	0.714286	1.71429	0	0	0	0.714286	0	0	0	0	0	0	0	0	0.714286	0.571429	0	0	0	0.285714	0.714286	0	0	0	0	0	0	1	1	0	0	0	0	0.714286	0.714286	0.714286	0	0	0	0	0	0	0	0.285714	0	0	0	0	0.714286	0	0	0	0	0	0	0	0	0	0	0	0	0.714286	0.714286	1.28571	0	0	0	0	0	0	0	0	0	0	0	0	0.285714	1	0	0	0	0	0	0	0	0	0	0	0	0	0	0	0	0	0	0	0	0	0	0	0	0
1.78E-08	333.705	88.682	21.9528	15	7	5.5	4	0	0	0.5	0	2	0.5	0	0	0.5	0.5	1.5	0.5	0.5	0.5	0.5	0	0	1	0	0	0	0	0.5	0	0.5	1.5	1	0	0	0	0.5	0	0	0.5	0	0	0.5	0	0	0.5	0	0	0	0	0.5	0	0.5	0	0.5	0	0	0	0.229313	0	0	0	0	0	0	0	0	0	1	0	0	0	0.5	0	0	0	0	0	0	0	0.5	0.5	0	0	0	0	0	0	0	0	0	0	0	0	0	0	0.5	0	0	0	0	0.5	0	0	0	0	0	0	0	0	0	1	0	0	0	0	1	0	0	0	0	0	0	0	0	0	0	0	0	0.5	0.5	0	0	0	0	0	0	0	0	0	0	0	0	0	0	0	0	0	0	0	0	0	0	0	0
1.86E-08	453.118	127.134	31.0548	20.3158	15.0601	4.85714	1.64339	0	0.714286	1.64339	0	0.571429	0.714286	0	0	0.285714	0.285714	2.28571	1	0	0.714286	0	0	0.714286	0.285714	0	0	0	0	0.744374	0	0	0.571429	0.571429	0	0	0	0	0.714286	0	0	0	0	0.714286	0	0	1	0	0	0	0.714286	0.285714	0	0.285714	0	0	0	0.714286	0	0.517732	0	0	0	0	0	0.714286	0	0	0	0	0	0	0	0.714286	0	0	0	0	0	0	0	0	0.714286	0	0	0	0	0	0	0	0.714286	0	0	0	0	0	0	0.714286	0	0	0	0	0.285714	0	0	0	0	0	0	0	0.714286	0	0.571429	0	0	0.714286	0	0	0	0	0.714286	0	0	0	0	0	0	0	0	0	0	0	0	0	0	0	0	0	0	0	0	0	0	0	0	0	0	0	0	0	0	0	0	0	0	0
1.95E-08	612.405	178.777	59.0736	19.3579	18.5133	9	2.79757	4	0	2	2	1	0	0	0	1	0	0	0	1	0	0	0	0	0	1	0	0	0	0.357877	0	1	0	0	2	0	1	0	0	0	0	0	0	0	0	1	0	0	1	0	0	0	0	0	0	0	0	0	0	0	0	0	0	0	0	0	0	0	0	0	0	0	0	0	1	1	0	0	0	0	0	0	0	0	0	0	0	0	1	0	0	0	0	0	0	0	0	0	0	0	0	0	0	0	0	0	0	0	0	0	0	0	0	0	0	0	0	0	0	0	0	0	0	0	0	0	0	0	0	0	0	0	1	0	0	0	0	0	0	0	0	0	0	0	0	0	0	0	0	0	0	0	0	0	0	0
2.04E-08	785.693	252.495	88.8258	33.1272	20.0074	11	6.54052	3.42857	1.71429	2.14286	1.71429	0.00566434	0.714286	0.285714	0	0	0	0.714286	0	0	0	0	0.285714	0	0	0	0	0	0	0.714286	0	0	0	0	0.714286	0	0	0	0.714286	0	0	0	0.285714	0	0	0.285714	1	0	0.285714	0	0	0	0	0	0	0	0	0	0	0.714286	0	0	0	0	0	0	0	0.714286	0	0	0	0	0	0	0	0	0	0.714286	0	0	0.714286	0	0	0	0	0	0	0	0	0	0.285714	0	0	0	0	0.285714	0	0	0	0	0	0	0.285714	0	0	0	0	0	0	0	0	0	0.714286	0	0	0	0	0	0	0	0	0	0	0	0	0	0	0	0	0	0	0	0.285714	0	0	0	0	0	0	0	0	0.285714	0	0	0	0	0	0.714286	0	0	0	0	0	0	0	0
2.14E-08	1012.31	330.234	134.054	56.0664	29.5477	15.375	13.7785	3.875	1	0.625	0.375	1.87004	0	1	0.625	0	0	0	0.625	0.625	0	0.625	0.375	0	0	0.625	0	0	0	0	0	0	0	0	0.625	0	0	0	0	0	0	0	0.375	0	0	0.375	1	0	0.375	0	0	0.625	0	0	0	0.625	0	0	0	0	0	0	0	0	0	0	0	0	0	0	0	0	0	0	0	0	0	0	0	0.625	0	0	0	0	0	0	0	0	0	0	0.375	0	0	0	0	0.375	0	0	0	0	0	0	0.375	0.625	0	0	0	0	0	0	0	0	0	0	0	0	0	0	0	0	0	0	0	0	0	0	0	0	0	0	0	0	0.375	0	0	0	0	0	0.625	0	0	0.375	0	0	0	0	0	0.625	0	0	0	0	0	0	0	0
2.24E-08	1350.17	485.51	187.587	79.1558	47.6608	25	16.2029	12	2.75	1	1.85147	2.12252	0.875	1	0.125	0	0	0	0.125	0.125	0.875	0.125	0	0	0	0.125	0	0	0	0	0	0	0	0.875	0.125	0	0	0	0	0	0	0	0	0	0.875	0	0.125	0	0	0	0	0.125	0	0	0	0.125	0	0	0	0.875	0	0	0	0	0	0	0	0	0	0	0	0	0	0	0	0	0	0	0	0.125	0	0	0	0	0	0	0	0	0.875	0	0	0	0	0	1.75	0	0	0	0	0	0	0	0	0.125	0	0	0	0	0	0	0	0	0	0	0	0	0	0	0	0	0	0	0	0	0	0	0	0	0	0	0	0	0	0	0	0	0	0	0.125	0	0	0	0	0	0	0	0	0.125	0	0	0	0	0	0	0	0
2.34E-08	1689.65	607.295	254.643	108.99	71.9231	39.8144	26.5073	9.21968	7.9602	6.50948	1.64853	1.875	3.625	1.875	0.125	0	0	1.875	0.25	0	0	0	0	0	0	0	0	1.9602	0	0	0	0.25	0	1.75	0	0	0	0.875	0.125	0	0	0	0	0	0	0	0.875	0.125	0	0	0.875	0	0.125	0	1	0	0	0	0.875	0.875	0	0	0	0.125	0	0	0	0	0	0	0	0	0	0	0	0	0	0	0	0	0	0	0	0	0.875	0	0	0	0	0	0	0	0.125	0	0	0.125	0	0	0	0	0	0	0	0	0	0	0	0	0	0	0	0	0	0	0	0	0.875	0	0	0.125	0	0	0	0	0	0	0	0	0	0	0	0.125	0	0.125	0	0	0	0	0	0	0	0	0	0	0.875	0	0	0	0.125	0	0	0	0	0	0	0
2.45E-08	2122.94	862.568	378.705	177.223	112.607	70.78	37.6041	21.3914	14.3819	5.23065	6.11111	2.33388	2.77778	1.88889	0.555556	0.444444	0	1	2	0	0	0	0	0	0	0	0	0.492444	0	0	0	1.11111	0.444444	0	0	0.444444	0	0	0.555556	0	0	0	0	0	0	0	0	0.555556	0	0	0	0	0.555556	0	0.555556	0	0	0.444444	0	0.444444	0	0	0	0.555556	0	0	0	0	0	0.444444	0.444444	0	0	0	0	0	0	0	0	0	0	0	0	0	0	0	0	0	0	0	0	0	0.555556	0	0.888889	0.555556	0	0	0	0	0	0	0	0	0	0	0	0	0	0	0	0	0	0.444444	0	0	0	0	0	0.555556	0	0.444444	0	0	0.444444	0	0	0	0	0	0	0.555556	0	0.555556	0	0	0	0	0	0	0	0	0	0.444444	0	0	0	0.444996	0.555556	0	0	0	0	0	0	0
2.57E-08	2697.85	1098.58	511.198	258.543	153.529	91.3718	54.5549	33.9811	18.1104	14.8964	10.4444	5.46806	7.24653	3.69097	0	1	2.33333	1.69097	0.444444	0.777778	0	0	0.690973	0.777778	0	0	0	0	0	0	0	0	0.222222	0	0	0.222222	0	0	0	0.777778	0	0	0	0	0	0	0.777778	0	0	0	0.777778	0	0	0	0	0	0	0.222222	0	0.222222	0	0	0	0	0	0	0	0.777778	0	0.222222	0.222222	0.777778	0	0	0.777778	0	0	0	0	0	0.777778	0.777778	0	0	0	0	0	0	0	0	0	0	0	0	0.444444	0	0	0	0	0	0	0	0	0	0	0	0	0	0	0	0	0	0	0.222222	0	0	0	0	0	0	0	0.222222	0	0	0.222222	0	0	0	0	0	0	0	0	0	0	0	0	0	0	0	0	0	0	0.222222	0	0	0	1.77709	0	0	0	0	0	0	0	0
2.69E-08	3327.5	1437.88	656.879	356.768	211.973	139.278	75.6789	43	29.9431	21.8474	13.7358	12.1116	3.11161	4.11161	2	0	1	1.11161	1	0.735777	1	0	0.111606	0	0	0	0	0	0	0	1	1	0	1	0	0	0	0	0	0	0	1	0	0	0	0	0	1	1	0	0	0	0	0	0	0	0	0	0	0.735777	0	0	0	0	0	0	0	0	0	0	0	0	0	0	0	0	0	0	0	0	0	0	0	0	0	0	0	1	0	0	0	0	0	0	0	0	0	0	0	0	0	0	0	0	1	0	0	1	0	0	0	0	1	0	0	0	0	1	0	0	1	0	0	0	0	0	0	0	0	0	0	1	0	0	0	0	0	0	0	0	0	0	0	2	0	0	1	0	0	0	0	0	0	0	0	0
2.82E-08	4018.65	1809.9	874.622	501.364	280.701	167.18	113.666	68.3495	57.331	33.2017	26.7017	20.2	11.4829	11.4915	4.8	3.4	2.3	0.9	1.2	1.18495	1.6	1	1.4	0	0	0	0.3	1.09147	0.9	0	0	0.7	0.7	0	0	0	0.7	0	0	0	0.7	0.3	0.3	0	0.7	0.7	0	0	0.7	0	0	0.3	0	0	0	0	0.3	1	0	0.184956	0.7	0	1.4	0.7	0	1	0	0.3	0	0	0.6	0	0	0	0.3	0	0	0	0	1	0	0	0	0	0	0	0	0	0	0.3	0.3	0	0	0	0	0	0	0.3	0.7	0	0	0	0	0	0	0	0	0.7	0	0	0.3	0	0	0	0	0	0	0	0	0	0	0	0	0.3	0	0	0	0	0	0	0	0	0	0.7	0	0	0	0	0	0	0	0	0	0	0	0.7	0	0	0.3	0.3	0	0	0.3	0	0	0
2.95E-08	4882.46	2212.27	1114.83	681.157	416.724	255.021	179.604	103.982	72.6178	51.9737	35.8573	22.0254	22.7755	13.245	6.28545	6.27273	6.27273	4.63636	3.45455	1.01272	1.90909	1	1.09091	0.545455	1.09091	0	0.454545	2.06319	1.36364	0.545455	0.545455	0	0.545455	0	0	0	0.545455	0	1.63636	0.545455	0	0.454545	0.454545	0	0	0.545455	0.545455	0	0	0.545455	0	0.454545	0.545455	0	0	0.545455	0.454545	0.454545	0	0	0	0	0	1.09091	0	2.09091	0	0.454545	0.545455	0	0.909091	0	0	0	0.454545	0	0	0	1.09091	1	0	0.545455	0	0	0	0	0	0	0	1	0.454545	0	0	0	0	0	0	1	0	0	0	0	0.545455	0	0	0	0	0	0	0	0.454545	0	0	0	0	0	0	0	0	0	0	0.545455	0.545455	0.454545	0	0	0	0	0	0	0	0	0.545455	0	0	0	0.545455	0	0	0	0	0	0	0	0	0	0	0	1	0.454545	0	0	0.454545	0	0	0
3.09E-08	5943.24	2964.09	1510.59	892.408	591.034	361.04	249.897	147.813	106.883	73.7532	57.6685	49.9498	32.9886	22.2407	8.07607	9.72727	9.81818	6	6.27273	6.71243	2.63636	1	2	1	2.81818	0.818182	1.63636	1.3082	1.63636	1.56892	1	0	0.181818	0	0	0	1.81818	0	1.36364	1	0	0	0	0	0	0.181818	0.181818	1.63636	0	0.181818	0	0.818182	0.181818	1.63636	0.818182	0.181818	1.63636	0.818182	0	0.818182	0	0	0	0.363636	0	0.545455	0	0	0.181818	0	0	0	0	0	0	0	0	0	0.363636	0.181818	0	0.181818	0	0	0	0	0	0	0	1	0	0.818182	0	0.818182	0	0.818182	0	0.181818	0	0	0	0	0.181818	0	0	0	0	0	0	0.818182	0	0	0	0	0	0.818182	0	0	0	0	0	1	0.181818	0.818182	0	0	0	0	0	0	0	0	0.181818	0.568919	0	0.818182	0.181818	0	0.818182	0	0	0	0	0	0	0	0	0	0.181818	0	0	0	0	0	0	0.818182
3.24E-08	7161.43	3566.34	2066.91	1150.05	770.745	497.45	333.042	240.049	168.146	138.69	80.4184	61.3181	50.3282	35.0515	21.7127	15.1667	10.1667	13.4821	6.64881	4.96428	7.0461	2.81547	4	2.66667	4.31547	1.33333	1.16667	0	1.83333	1.42054	2	1.83333	1.66667	1.83333	1.16667	0.148807	0.333333	1.48214	2.5	2.66667	0	0	0.333333	1	1.66667	0	0	0.166667	0.166667	0	0.166667	0.166667	1.21277	0.166667	0	1.16667	0.166667	0.833333	0	0.333333	0.166667	0.166667	0.166667	1.16667	0	0.166667	0.166667	0	0.166667	0.833333	0.833333	0	0	0	0.166667	0	0	0.166667	0	0.166667	0	0.166667	0.333333	0	0.333333	0	0	0	0.833333	0	0	0.166667	1	0	1	0	0	0.833333	0	0	0	0.833333	0.166667	0.166667	0	0	0	0	0	0	0.166667	1	0.833333	0	0.833333	0.166667	0	0	0	0.166667	0.166667	0	0	0	0.833333	0	0	0	0.833333	0	0	0	0.166667	0.253879	0	0	0	0	0	0	0	0	0	0.833333	0	0	0	0	0	0	0.833333	0	0	0	0	0
3.39E-08	8478.46	4357.45	2505.08	1554.7	1027.58	658.631	445.727	316.958	228.268	164.869	126.506	100.765	68.1279	50.0718	32.5639	32.1787	15.0954	20.0775	13.0715	9.54762	5.98653	8.64882	7.33333	8.67271	5.98214	4.66667	3.66667	0.833333	4.33333	1.58333	2.83333	1.83333	2.08333	1	2.83333	1.81548	1.16667	2.73214	0	1	0.172706	0.833333	1.58333	0.583333	0	1.00604	0.416667	0.583333	0.583333	0.833333	1.83333	0.583333	0.397165	1	0.833333	1.58333	1.41667	0	0.416667	1.16667	1	1	1.41667	1.16667	0.833333	0.583333	0.583333	0	1.83333	0	0.833333	0.172706	0.416667	0	1	0.416667	0.416667	1	0	0.583333	0.416667	1	1.58333	0	1.58333	0	0.416667	0	0.416667	0	0	1	0.583333	0.416667	0.583333	0	0	0.172706	0.416667	0	0	0	1	0.583333	0.416667	0	0	0	0	0	0.583333	0.583333	0	0	0.416667	0.583333	0	0.416667	0	0.583333	0.756039	0	0	0	0.416667	0	0	0	0	0	0	0	0.583333	0.416667	0.416667	0	0	0	0.416667	0	0	0	0	0	0	0	0	0	0	0	0.416667	0	0	0	0.416667	0.416667
3.55E-08	9984.64	5393.45	3074.96	2013.61	1343.28	900.037	635.568	451.743	343.866	263.234	175.809	142.806	113.161	84.7312	56.8179	52.1427	30.7581	39.6999	26.4842	14.5228	20.379	13.8022	12	11.8406	8.1099	4.23077	9.46154	5.46154	4.76923	1	8.07221	4.38462	5	2.38462	3.30769	3.03297	2.07692	0.340665	1.38462	1	1.2252	3.38462	1	1.38462	2.07692	4.60981	1.69231	0	2.07692	2.69231	0.923077	1.38462	0.692308	2.38462	2	0.91836	2	0	3.07692	1.38462	0.307692	0.307692	1.30769	0	0.615385	0	0	0.692308	0.923077	0	1.30769	0.532887	0.307692	0	0.307692	1	1	0.307692	0	0.692308	0.307692	1	1.69231	0	0.307692	2.07692	0.307692	0	0.307692	0	0.692308	0.307692	0	1	0.692308	0	0	0.532887	1	0.692308	0	0	0.307692	1.38462	0.307692	0	0	0	0	0	0	0	0	0	0.307692	0	0	1	0	0.692308	0.532887	0.692308	0.692308	0	0.307692	0.692308	0	0	0	0	0.692308	0.692308	0	0.307692	1	0	0	0.692308	0.307692	0	0	0	0	0	0.692308	0	0	0	0	0	0.307692	0	0	0	0.307692	0.307692
3.72E-08	11664.2	6371.2	3864.24	2493.8	1773.1	1226.28	861.871	617.103	441.815	358.232	254.052	238.938	162.823	143.411	89.7075	74.8805	51.587	51.2343	45.1179	26.4114	25.587	26.2935	22.587	21	25	17	21.2935	14.2935	4	7	7.41142	4	12	2	4	5	1	5	3	2	3	3	2	2	2	3	2	0	2	4	2	4	1	3	1	1.11792	2	3	2	2	4	1	1	0	0	2	1	1	2	2	1	3	0	0	1	0	0	2	0	0	1	1	1	0	2	0	2	1	0	1	0	0	0	0.293499	2	2	1	0	0	0.293499	1	0	0	0	0	0.293499	0	0	0	1	0	0	0	0	1	0	1	1	0	0	0	0	0	0	0	2	2	0	1	0	0	0	0	0	0	0	1	1	1	0	4	0	0	1	0	0	0	0	1	0	0	0	0	1	1	0
3.89E-08	13171.1	7628.63	4614.47	3184.96	2282.84	1598.37	1167.08	841.992	627.786	482.968	389.411	282.579	228.01	177.288	135.538	99.5118	83.7278	77.9946	61.2566	57.7396	49.9533	38.5558	36.6046	28.5395	25.0693	21.5838	20.172	16.5019	11.1838	11.5333	19.7848	12.4342	9.05045	8.83421	7.65045	7.08467	5.8	6.06667	4.6	4.78378	4.58378	5.06667	3.6	3.36841	3.83508	3.33333	3	2.06667	3	1	5.25044	3	3	0.733333	2.6	3.53333	2.73333	2.06667	4.66667	3.30175	1	3.73333	0	3.56841	1.87017	1.8	1.26667	1.46667	0.733333	2	0.266667	1.73333	2.73333	2.73333	1.73333	1.26667	1	0.266667	1	3.93333	1.73333	3.03508	0.8	0.8	0.533333	0.266667	0.733333	1	0.733333	1.73333	2.46667	0.733333	0.533333	1.25143	1.78378	0.266667	1.06667	1.53333	0.266667	1.5181	1.26667	0	2.2	1.53333	0	0.518101	1.26667	2.46667	0.266667	1.73333	0.266667	0.835083	1.73333	1.56841	0.783776	2.26667	0.266667	0.266667	0.266667	0	0.8	0	0	0	0.733333	0.533333	0.533333	0	0.266667	0	1	1.30175	0	0.733333	0	0	0	0.733333	0.733333	0	1	0	1	0.266667	0	1	0	0.533333	0.266667	0	0	0	0.266667	0.533333	0.733333	0
4.07E-08	15243.8	8926.43	5601.03	3866.57	2706.88	1989.79	1473.13	1063.47	821.591	686.514	501.617	412.419	339.21	261.856	203.852	151.79	136.798	105.783	96.2833	81.3599	76.2533	54.3599	48.5144	46.0301	41.4299	28	38.6067	29.8377	24.5	14.0845	19	21.0844	17.0845	16.5	16.5	13	10	13	11	5.58442	12.5844	10	8	7.76115	5.6767	10.1688	4.5	7	4	3.5	7	7.5	5.5	2.5	5.5	8	2	3.5	4	4.1767	1.5	5	1.5	4.1767	0.353396	4	3.5	1.5	1.5	2	0.5	1.5	1.5	2	2	2	1	1	2	0.5	1.5	1.6767	1.5	3	1	0.5	0.5	1	0.584425	1	1.5	0.5	1	1.5	2.5	0.5	2.5	3.5	1	0.5	1.5	0.5	1.5	2	1.5	0	1	1.5	1	1	1	1.1767	0.5	2.1767	1.5	1.5	1.5	0.5	0.5	0.5	2.5	1	0	0.084426	0.5	1	2	1	0.5	0	1	0.176698	0	1.5	0.5	0	0	0	0	0	0.5	0	1	1	1.5	1	0.5	1	0.5	0	1.5	0	1.5	1	0.5	0.584425
4.27E-08	17369.4	10512	6887.04	4822.32	3446	2544.73	1820.21	1389.05	1112.41	911.935	726.525	574.349	458.526	375.059	281.68	253.614	197.735	172.217	129.809	121.081	107.326	77.7177	94.5936	65.3718	56.8002	55.1414	48.1255	49.135	33.3414	33.3651	43.4222	33.1813	25.3509	24.7939	27.8303	17.6465	14.6	17	22.2444	8.21762	11.8399	15.4667	8.28886	10.7428	9.6	11.8857	12.0667	12.4667	11.0667	13.2222	10.6081	8.53333	3.95553	5.86667	7.75553	7.53333	2.86667	4.6	4.4	7.73333	6.33333	4.4	4.15553	5	6.06667	3.13333	1.53333	3	4.73333	2	3.46667	2	2.73333	2.86667	1.26667	2.86667	1.86667	3.6	3	2.6	4.6	2.28886	1.73333	3.86667	1.73333	0.866667	1.86667	1	3.47618	2.73333	3.73333	3.6	0.866667	2.13333	3.60811	0	1.86667	3.13333	3.02219	0.866667	1	3.6	1.26667	2.73333	2.42219	0	0.866667	0.266667	1	1	1.86667	2.73333	0	2.13333	0.874779	1.73333	1.13333	0	1.73333	1.86667	3.73333	1.13333	1.73333	0.742842	1	0	1.13333	0.266667	0.866667	0.866667	2.73333	0.866667	0.866667	1.26667	1	0.866667	0.866667	0.866667	0.866667	0	0.866667	0.288863	0.133333	0.133333	0.4	0.133333	0.133333	0.866667	0	0.866667	0.4	0	1.13333	0	0.133333	0.876175
4.47E-08	19635.1	12014.2	7863.45	5890.66	4302.38	3228.34	2399.35	1847.97	1428.55	1174.7	962.327	788.777	652.543	555.514	427.495	337.101	259.389	247.796	209.188	182.027	165.386	122.727	123.712	102.909	84.5092	79.2637	87.2176	66.3518	47.6435	55.5817	43.676	47.9475	39.1451	39.6281	40.7793	31.0771	35.4367	28.4321	26.3642	26.3997	18.9584	18.4413	17.7855	15.0092	14.3951	16.0139	13.75	11.5818	15.6342	17.2546	12.6821	12.4321	10.6296	7.75	15.9784	12.0726	15.6976	13.75	13.125	5.18207	10.6821	3.875	3.70836	6.94753	4.00461	6.625	6.875	6.25	2.25	2.375	5.44754	6.375	5.55707	7.94754	3.25	6.625	4.625	2.125	3.69754	4.875	2.125	7.20836	3.875	2.125	5.25	1.125	5.05707	2.75	1.875	1.875	2.44754	0.697538	5	2.57254	2.25	3.93207	1.82254	0.5	1.58336	1.30707	2	5.80707	0.375	3.125	2.95836	3.75	3.68207	2	1.30707	1.25	1.875	0.697538	0.875	2.75	3	1.125	0.93207	2.80707	0.875	2.125	2.375	1.875	1.30707	0	1.125	1.875	1.125	0	0.125	1	0.125	2.125	2	1.75	1.125	1	3.93207	0.447538	0.125	1.125	0.25	0.70836	0.375	0.125	0.875	1.75	0.5	0.125	1.75	0.125	0.25	0.125	1.875	0	1.125	1.125
4.68E-08	21998.2	13942.6	9438.74	7297.35	5142.9	3953.2	2985.21	2340.12	1900.45	1541.52	1254.05	1035.31	899.543	707.184	515.179	455.753	400.077	374.59	319.178	266.139	235.726	204.193	179.885	169.141	141.868	134.813	113.088	105.125	85.4491	78.308	82.3722	75.6829	65.2285	60.3761	59.2466	52.1501	55.2536	42.3672	41.8857	39.3578	33.6168	36.9711	24.0301	32.8014	26.8243	26.8281	23.4555	22.63	23.3897	21.4031	22.1907	19.3672	19.1241	18.9336	20.8983	12.1437	18.9083	15.7059	19.9336	12.0142	15.4923	12.8824	5.98489	12.1512	8.65113	8.28655	8.88235	10.4706	8.11765	6.64706	9.62182	10.6471	8.6688	3.9235	9.69833	4.33783	7.93362	4.81597	6.98232	4.33783	4.64706	4.16891	5.05882	4.23529	9.05882	2.82353	6.72763	5.04369	3.88235	6.76471	3.57056	2.74703	5	4.57056	5.23529	3.9041	3.68065	5.40421	1	2.25704	2.16891	4.08057	3.41176	3.17647	5	3.23529	1.9041	2.41176	3.08057	3.41176	1.41176	2.33526	1.64706	1	3.82353	2.41176	0.9041	2.72763	1.81597	3	4.5143	1.82353	3.08057	0	2.16891	1.41176	2	0.823529	1.41176	2.23529	1.82353	2.58824	1.58824	1.64706	2.41176	1.99244	2.6688	0.335264	1.82353	2.41176	1.58824	0.588235	3.16891	1.41176	0.411765	0.411765	2.76471	1	1.23529	1	1.58824	1	1.58068	1.23529	1.58824	2.82353
4.90E-08	24084.6	15834	10873.1	8375.31	5985.24	4697.03	3654.45	2942.3	2353.4	2027.7	1600.45	1332.81	1149.9	927.249	747.537	608.047	549.466	512.685	397.78	366.743	321.036	318.351	261.82	250.696	221.938	198.57	167.307	163.839	128.143	128.438	112.333	116.854	96.2216	89.6757	101.095	77.5133	80.9945	69.2366	67.893	60.681	58.9786	53.3124	41.2921	44.0076	43.1154	36.2656	35.5854	32.3278	40.0076	36.1289	40.4289	28.0444	32.5434	28.1066	27.0555	20.2521	20.7776	21	29.1966	21.4289	17.8478	15.8589	16.5854	18.4399	15.3733	18.5299	16.3333	10.1922	13.3333	12.5255	12.8633	13.6667	14.8989	7.19223	12.5299	9.25208	3.86326	7.05549	11	9.72655	5.19223	6.72215	8.66667	6.66667	9.33333	8	9.89895	6.5854	6	7	9.66667	5.66667	7.66667	5.33333	6.33333	2.84781	5.19659	8.19659	2.33333	4.84781	3.19659	6.51448	3.33333	2.66667	6.33333	3	3.51448	5	3.51448	4	1.33333	3.33333	2.19223	5	6.33333	3	4.70671	2.84781	3.19659	1.66667	5.39318	3	2.84781	4	3.38882	2	1.33333	2	3.33333	2.66667	3	4	3	2	5	1.52992	3.84781	2	3.8589	3	2.33333	1.33333	2.19659	3.33333	1.19223	1	2.33333	1.66667	3	2.33333	0.333333	2.33333	2.52993	1.66667	0.333333	3.33333
5.13E-08	25836	17764.4	12217.5	10441.4	7113.64	5720.64	4514.58	3601.09	2917.45	2338.26	2060.53	1740.22	1459.5	1280.2	1000.23	844.248	674.351	717.426	594.081	544.147	414.402	400.173	362.289	329.98	321.292	280.176	250.576	217.056	186.221	212.996	166.103	174.307	139.078	137.364	138.057	132.713	94.0071	93.9428	81.0057	90.4402	75.4302	59.7801	72.775	64.2633	78.2308	60.5819	56.0591	60.5629	43.958	42.9755	49.5755	42.5048	48.722	48.2639	40.3041	34.9759	45.9418	41.9443	36.8381	21.5479	19.1665	25.2158	14.2535	23.1526	21.8545	28.7826	23.6667	12.466	20.7221	9.96591	17.6439	15.8889	18.5151	25.7437	16.0605	20.1982	8.64388	18.1375	15.9443	17.7599	16.1047	17.1654	10.9722	8.11099	6.11111	10	10.5151	15.087	5	11.9443	9.16667	8.88889	8.05556	3.11111	6	7.66667	11.8659	10.1715	9.61111	9.83333	13.4217	8.08327	7.72222	3.94444	8.88889	8.61111	6.99988	7.88889	4	4.94444	4.77778	8.72222	6.41036	7.08327	7	7.72222	11.4936	6.72222	4.8661	6.66667	3.17664	4.88889	4.88889	4.11111	2.77645	3.88889	5.72222	4.83333	5.88889	3.97216	3.94444	1.22222	7.77778	2.88889	2.22222	3.81054	3.11111	2.05556	4.68813	1.11111	2.05556	5.77778	4.89382	3.05556	3.57702	2.88889	3.94444	2	2.05556	4.02772	1.02772	3	4.94937	2.88889	1.88889	1.11111
5.37E-08	28573.2	19949.5	13954.8	11155.8	8329.09	6829.66	5388.42	4435.76	3736.65	2943.68	2578.41	2197.62	1796.67	1539.43	1266.72	1121.73	1001.03	934.016	754.249	694.06	635.305	574.052	516.834	408.999	399.293	366.736	338.911	307.034	274.175	263.521	277.737	213.031	210.899	207.805	186.106	174.163	148.176	154.304	152.459	115.746	119.705	115.709	112.807	99.6532	105.441	95.1458	74.2052	82.1472	70.2207	74.5964	77.9691	78.3842	69.7817	73.857	62.3266	56.7517	49.5017	51.0945	54.8652	47.4124	39.5787	41.8746	43.1841	35.7646	43.5654	35.3044	25.6464	30.8455	27.0713	33.8355	31.9096	28.8167	37.3136	26.764	27.9395	25.7829	14.4211	26.4502	22.1174	20.1689	21.2273	17.9351	22.4378	19.749	19.0806	14.7705	18.6146	16.7368	16.1053	15.059	11.3158	16.4087	13.7705	14.4606	12.9351	11.4021	13.1643	16.7386	15.5197	7.98768	15.2508	12.5619	7.89474	9.83556	11.3561	14.0675	12.4858	11.1916	8.35611	9.73029	12.9474	11.0987	4.4145	8.14092	5.09294	9.56006	5.98302	9.77716	10.4606	10.9877	5.9104	4.84211	4	9.67765	6.56582	5.47368	10.9869	4.68421	3.05263	5.86544	4.73028	6.2566	6.26316	8.04031	5.21053	6.09294	6.84211	5.09294	3.57895	2.21053	3.72452	5.21053	6.8128	1.42105	2.78947	4.47368	3.51976	4.72452	6.46136	3.14092	2.81857	5.57895	4.70098	3.63158	5.67765	5.05263
5.62E-08	31085.5	21721.3	16118.6	12327.6	9918.04	7769.52	6364.47	5236.38	4294.42	3761.56	3128.34	2726.6	2309.34	2037.76	1607.21	1426.87	1330.64	1213.8	1021.3	906.375	837.403	747.766	682.334	582.366	541.026	498.72	461.919	425.271	386.107	347.161	354.275	314.979	278.906	285.755	270.968	241.614	210.236	202.755	198.194	174.817	179.462	150.03	150.875	133.63	128.848	128.971	120.541	121.664	104.827	96.045	109.709	107.082	88.1251	93.6043	91.8206	78.3454	79.693	85.9605	77.2495	64.6104	64.8632	68.6301	50.1727	62.5771	68.8544	53.3191	56.7473	58.2218	42.2648	42.4665	45.1439	33.3134	39.7153	40.8796	40.2066	30.4769	36.2329	32.4189	30.0908	41.4125	31.5456	28.6244	31.6356	25.3289	33.1797	19.3603	24.9948	27.9471	25.4181	23.0158	25.6934	25.021	17.3975	22.1495	19.8254	16.9213	14.4972	19.1852	22.8527	19.3067	13.9154	20.7143	13.5714	17.7626	18.3968	21.7577	21.657	15.9317	14.9258	15.4717	8.99478	16.3869	11.2441	12.8095	9.30672	13.8365	9.04762	19.3544	21.0066	14.2115	12.825	8.94716	3.51859	8.62498	5.72094	9.09524	13.6309	13.8519	8.42857	11.402	6.66738	6.4769	10.0476	7.35434	8.85714	5.54483	9.04762	5.49721	3.42857	4.90476	7.44959	4.57143	10.3067	3.95238	5.80952	8.09524	6.57736	7.49721	4.02102	6.85714	4.52975	5.42857	5.55077	6.95238	5.10117	7.57143
5.89E-08	33465.2	23951.4	17623	14141.5	11355.7	9338.98	7413.72	6254.18	5246.7	4483.54	3830.21	3348.9	2882.07	2543.51	2079.01	1888.17	1641.95	1471.24	1362.81	1198.63	1111.16	1004.42	917.806	799.02	742.981	676.902	624.959	583.131	519.884	459.278	476.069	446.129	432.295	384.59	374.609	336.119	311.53	289.355	262.408	230.451	238.657	223.874	209.248	191.683	193.722	163.207	161.949	169.392	167.178	125.746	179.103	159.111	125.727	121.126	133.67	127.156	108.48	111.129	110.231	99.0372	88.0336	94.7637	80.6325	87.8382	82.602	66.6207	73.5884	62.0344	71.3156	67.6229	59.2446	58.1593	64.4351	66.3692	49.2687	44.7677	57.0807	46.5209	44.7395	37.2843	46.8735	40.6401	45.7227	40.0728	36.1425	38.4461	37.8765	39.1691	31.4199	29.3361	41.8462	35.48	29.5254	37.8221	26.9483	28.4439	23.8747	25.584	32.8416	26.5208	23.0222	27.7619	20.7211	23.4888	29.2	17.7536	22.2214	24.8065	17.6568	17.168	21.8765	15.245	18.245	21.8301	25.3235	19.133	14.7756	22.4732	23.482	16.752	20.3106	17.6248	7.57717	19.0069	13.7269	13.8571	14.5783	13.1962	16.0137	13.8949	10.6793	9.00575	11.2857	10.133	13.5238	10.2282	14.4354	5.89489	9.57143	8.52381	9.99699	8.33333	9.13983	10.6735	14.9116	10.1497	7.7619	9.4187	8.80651	13.0476	11.3333	7.34018	6.89489	6.47619	12.619	9.80952
6.17E-08	35923.3	26600.7	20077.6	15837.1	12861.4	10763.6	8760.53	7462.2	6449.87	5255.58	4698.26	4005.91	3500.65	3111.87	2650.73	2284.47	2182.95	1916.95	1760.85	1512.13	1394.36	1312.58	1113.9	1069.41	998.825	910.736	850.837	745.847	710.645	695.276	659.818	604.602	523.862	534.883	484.804	513.894	467.696	409.852	396.161	365.084	329.477	315.485	282.995	276.406	301.572	249.738	257.207	235.299	236.112	239.221	223.63	220.957	212.661	195.862	176.114	164.963	154.672	145.257	158.859	137.966	136.182	129.007	125.746	123.127	118.89	106.873	101.603	103.354	98.6562	89.089	98.7157	86.1124	89.7347	69.3077	73.9902	68.2661	60.9153	88.1693	87.1166	76.7906	58.1193	56.7116	53.4999	61.0092	54.8084	61.6507	54.1776	61.6044	47.3922	55.6761	43.296	49.1409	44.028	40.0583	42.807	49.273	37.3243	38.2306	57.558	30.9279	43.5229	37.3515	34.0446	48.5976	36.5065	27.6178	34.4523	34.13	35.2784	39.3151	28.7674	27.41	32.4022	28.6884	17.148	26.3913	37.3096	23.5106	26.0189	25.736	31.6884	30	24.572	23.8951	19.4687	15.3683	16.4794	24.9481	16.5461	18.913	23.9645	17.1045	14.5202	17.7132	21.466	13.6087	25.7783	20.6522	26.4958	19.7567	8.59234	14.7268	15.6358	15.4184	10.5489	18.6793	17.3722	15.3829	10.3299	9.70248	9.21739	16.1751	14.209	6.52174	15.1876	10.8764
6.46E-08	38315.4	28627.2	22079	17202.3	14820.1	12205.6	10147.7	8570.65	7452.1	6343.48	5520.16	4852.19	4312.13	3784.74	3267.66	2890.68	2599.75	2336.67	2188.4	1970.64	1783.23	1663.06	1529.97	1408.12	1245.84	1163.07	1019.8	1032.19	942.931	875.487	872.37	760.188	737.338	663.198	629.115	581.022	566.816	568.453	533.655	490.686	452.188	430.822	392.023	379.276	402.613	336.534	337.261	331.574	328.574	302.264	304.228	279.182	272.496	264.798	247.488	225.873	227.123	224.795	204.889	192.471	164.147	172.33	173.243	174.327	161.932	145.983	143.188	141.323	130.584	125.312	125.188	122.393	110.917	125.409	105.468	98.5027	102.893	102.388	106.122	109.094	102.713	94.3333	80.7567	79.4834	85.0493	91.1503	84.3343	77.5644	87.7189	74.0996	68.622	70.264	61.9701	60.036	61.3189	67.4786	62.2226	67.8744	51.702	52.3839	64.3247	49.6041	48.5993	65.901	60.5993	52.4526	40.1061	46.6962	38.3843	53.1293	48.0329	47.2034	44.3118	31.8336	35.4689	43.4348	43.973	38.5097	39.3847	36.2783	31.5866	36.0846	42.4104	37.3554	30.5867	40.4195	31.3397	26.3315	27.828	28.4348	32.058	22.4677	33.8324	27.3807	31.4732	25.913	27.9272	22.4747	23.9049	24.3408	14.3032	25.3005	29.7826	16.087	21.4336	25.9083	23.843	24.986	23.138	16.7618	20.5182	18.3831	22.8532	15.7355	18.2628	19.9334
6.76E-08	40465.9	30341.4	24084.8	19656.6	16407.5	13758.8	11444.5	9924.26	8686.2	7268.07	6613.11	5704.53	5031.78	4672.68	3949.65	3472.31	3156.08	2956.88	2702.16	2496.86	2249.39	2025.37	1921.24	1717.17	1616.78	1542.67	1474.95	1296.04	1208.23	1135.27	1081.78	989.252	967.943	889.248	824.217	786.814	790.327	692.421	632.616	623.73	611.26	563.998	557.385	527.833	534.175	468.011	435.82	460.37	415.299	377.467	394.768	361.918	386.85	347.638	348.913	303.44	319.708	310.578	289.015	268.728	245.685	237.119	246.639	244.733	233.037	209.734	207.86	178.063	193.837	182.953	181.385	154.483	171.495	162.807	160.674	155.172	149.954	128.77	140.532	138.382	130.95	143.558	134.936	113.698	112.047	112.024	107.96	105.733	108.675	113.67	102.94	91.7702	85.616	101.209	86.6264	81.4195	75.1688	82.9279	78.4688	80.2236	82.3844	76.889	78.5162	84.3469	76.336	69.9075	73.2676	74.1118	58.5146	67.1622	57.8296	66.4447	54.8206	68.6118	51.7808	53.3488	54.9297	59.8179	45.3352	45.1521	49.8279	56.1703	53.099	49.292	50.3473	44.8564	46.0779	42.2662	44.5824	47.5291	44.8473	36.6348	39.87	35.9546	32.4429	34.6947	35.3012	33.6494	38.0227	34.3488	31.3977	27.269	30.3896	33.3197	31.7029	32.0034	28.9153	28.1947	31.1118	21.9235	24.0796	28.6332	36.0162	23.8848	27.0824	25.0356
7.08E-08	41862.4	33484.9	26045.4	20098.8	18298.6	15445.3	12736	11378	9760.57	8657.12	7643.47	6798.92	5927.37	5570.24	4657.88	4247.54	3824.21	3668.24	3261.65	2952.15	2666.87	2527.83	2331.16	2206.03	1999.88	1958.67	1822.34	1608.5	1610.07	1355.93	1361.95	1323.64	1222.15	1146.8	992.912	1020.83	1011.1	942.95	873.302	814.318	792.638	704.998	671.199	681.693	701.497	615.232	617.77	582.038	531.264	575.723	548.148	505.247	510.879	465.488	453.27	444.546	446.646	393.477	377.723	363.657	371.748	323.045	317.675	312.442	319.203	298.888	287.097	246.624	216.024	222.417	219.597	232.048	223.084	245.622	225.379	225.874	214.635	198.626	175.47	188.772	166.555	190.3	184.19	150.359	158.92	175.058	155.828	149.344	144.125	150.065	125.146	156.339	144.142	118.409	126.445	123.898	110.245	104.254	108.525	106.757	113.378	126.319	109.592	113.068	101.513	96.6914	86.7591	100.263	85.3511	74.5061	76.6206	74.4129	88.4149	82.4456	59.7622	80.6199	72.5209	79.5692	76.8827	79.8013	79.7054	73.3586	70.7071	55.0447	60.7866	84.7815	60.1541	63.8804	65.583	63.8503	50.1152	45.0163	63.2961	51.2833	58.7292	39.4269	49.8764	52.7242	47.4523	49.7432	59.035	55.2254	53.1564	55.0355	44.3141	45.3871	39.2669	51.9069	44.8056	39.0027	44.9719	38.2472	37.677	32.785	34.117	45.5008
7.41E-08	43568.6	34650.1	27919.1	22850.3	19824	17280	14863.1	12712.9	11006.5	9772.36	8537.21	7805.23	7075.43	6354.04	5534.64	4944.47	4512.16	4346.32	3961.3	3651.48	3332.24	3128.5	2915.79	2642.76	2412.81	2323.19	2141.24	2029.22	1863.21	1750	1730.06	1654.55	1554.96	1470.82	1363.9	1263.87	1252.94	1152.18	1078.21	1042.62	967.755	996.424	911.813	821.209	841.08	807.473	728.084	692.078	751.218	737.241	684.945	644.107	640.365	597.761	586.957	551.624	518.619	511.525	536.246	457.998	451.565	440.536	386.38	390.266	390.826	380.103	374.829	339.489	327.685	326.547	300.487	276.253	301.197	310.424	266.639	297.264	279.101	260.008	245	248.307	252.804	268.858	221.009	209.127	224.164	201.221	220.288	228.333	195.109	193.83	211.36	185.406	196.23	179.988	163.64	168.149	161.113	167.997	158.758	153.95	149.557	161.622	129.548	148.977	118.909	136.183	124.84	124.743	125.905	136.455	113.336	124.404	126.268	125.278	109.651	107.355	101.987	103.483	94.2563	101.666	88.1863	87.0924	93.8936	90.6753	86.8352	81.5442	74.1958	107.162	92.0438	75.5915	78.0474	74.0652	67.5046	83.9364	82.5396	73.7579	66.569	55.132	76.9857	72.6047	66.4948	54.5883	56.4811	56.7284	66.816	64.5001	65.9102	66.0755	63.3134	48.9831	62.5154	66.7405	51.9785	55.0945	52.6704	49.7347
7.76E-08	44833.5	36552.2	29328.6	25252.2	21503.7	18889.7	16314.3	14372.7	12345.2	11042.8	10072.5	9079.94	8194.15	7287.45	6326.63	5931.9	5444.35	4973.59	4712.06	4377.9	4020.08	3753.19	3453.05	3301.11	2957.58	2874.57	2635.21	2543.7	2338.35	2256.75	2139.51	2008.57	1900.6	1766.9	1681.05	1653.11	1583.06	1495.08	1399.19	1328.97	1195.63	1261.85	1130.82	1109.55	1060.2	1086.87	1006.56	953.433	895.182	941.386	887.648	815.683	814.753	798.385	792.2	718.436	697.07	657.892	698.539	614.833	601.168	555.506	534.702	492.386	526.451	498.205	485.285	487.739	442.649	449.165	412.444	399.498	416.01	386.049	407.242	398.225	376.614	358.657	344.896	311.488	334.27	320.905	276.908	288.522	284.665	271.053	284.679	282.23	275.911	268.403	246.333	239.114	242.693	238.91	230.444	219.703	237.392	211.067	205.987	210.12	211.737	189.455	197.89	199.029	179.581	172.342	188.447	176.272	169.153	171.858	160.683	146.403	151.959	159.786	150.166	138.434	152.482	123.602	137.204	134.926	123.672	133.881	124.965	120.773	112.422	117.345	120.05	112.432	121.653	121.46	112.718	108.773	90.391	121.21	89.861	93.2908	96.2324	88.3912	96.7812	82.5231	88.954	89.2112	84.9142	91.0528	85.1102	91.9347	84.3215	73.1619	66.6675	85.4756	74.0933	78.1068	62.6268	79.0015	71.6082	62.7737
8.13E-08	45612	38233.6	31193.2	27035.1	23004.9	20534.3	17808.1	15769.9	13929.5	12078.2	11335.2	10232.1	9372.61	8498.66	7654.05	6873.36	6318.51	5847.71	5480.74	5229.27	4789.96	4512.46	4064.37	3863.94	3535.93	3401	3170.63	3060.61	2786.56	2681.56	2601.52	2418.61	2330.52	2106.64	2078.97	2017.06	1886.39	1857.83	1772.92	1656.76	1572.44	1448.47	1453.26	1412.3	1406.81	1316.7	1253.86	1283.87	1106.76	1126.36	1120.97	1067.14	989.742	987.564	1005.01	900.751	865.004	875.517	853.671	757.573	768.223	768.304	696.902	661.118	683.32	608.756	585.98	604.927	591.125	564.684	565.485	529.359	542.561	522.387	522.913	497.159	482.672	442.396	459.672	450.722	460.057	400.916	388.944	392.552	378.27	354.989	385.916	359.026	372.893	373.554	338.212	305.441	312.622	305.576	302.416	305.627	286.2	265.894	261.505	282.874	275.822	259.699	271.776	251.192	245.037	228.189	232.351	239.105	226.249	223.914	224.454	249.867	212.906	205.627	201.847	195.259	202.508	181.424	181.246	194.109	176.198	187.527	178.55	158.568	141.131	143.869	154.688	156.971	145.159	163.507	132.701	137.4	139.506	139.725	133.989	114.588	136.049	117.75	116.758	128.998	116.624	107.701	122.427	116.183	124.87	115.607	115.089	103.309	101.36	104.196	98.3124	96.5664	103.18	93.4613	91.6961	99.9818
8.51E-08	45635.3	39820.5	32918	28819.9	24221.6	22301.7	19419.6	17165.5	15521.8	13505	12434.6	11433.7	10320.6	9162.17	8516.35	7655.47	7277.07	6608.18	6343.29	5896.91	5503	5149.87	4917.45	4629.72	4275.76	4027.59	3679.05	3538.8	3367.26	3045.4	2985.81	2906.6	2782.52	2571.3	2573.35	2459.22	2318.66	2225.47	2080.58	2009.56	1894.13	1841.26	1711.13	1613.97	1581.41	1593.16	1588.7	1473.6	1380.5	1437.12	1284.41	1308.04	1289.87	1219.55	1141.5	1043.23	1083.95	1078.29	1079.06	948.778	966.898	934.26	846.831	889.39	815.524	851.038	757.437	733.708	733.447	671.632	685.806	688.874	616.798	642.054	625.162	632.432	618.443	574.114	544.883	545.014	562.29	489.076	463.308	496.906	528.551	470.814	472.405	452.152	449.418	449.094	403.934	446.067	396.764	409.199	355.578	376.531	332.982	353.754	316.511	345.426	366.129	366.521	354.465	308.465	308.408	272.175	319.513	283.005	288.764	275.92	252.09	328.663	297.167	290.418	1.85E+06	264.811	252.327	256.005	247.706	230.706	213.574	238.882	221.005	203.987	221.162	192.228	171.109	220.052	191.967	210.18	195.621	177.564	171.341	165.426	177.182	169.275	177.436	183.19	153.583	172.162	137.593	153.844	150.536	145.526	141.172	126.564	122.834	137.303	131.872	154.583	158.19	137.498	124.639	125.152	125.441	126.123
8.91E-08	47444.7	40181.8	33693.5	29984	26181.7	23461.9	20960.7	18358.5	17022.1	15275.2	13717.1	12463.1	11314.2	10600.7	9656.72	8761.85	8202.3	7788.73	7337.31	6719.21	6274.58	5843.85	5592.96	5296.74	4981.52	4651.55	4561.48	4183.31	3881.52	3740.94	3717.83	3487.3	3395.57	3084.74	3077.27	2919.67	2776.91	2656.8	2530.98	2425.92	2367.84	2235.91	2090.8	2050.64	2007.97	1885.03	1842.32	1796.23	1691.58	1765.87	1652.16	1582.29	1525.04	1490.22	1458.61	1372.2	1368.16	1278.09	1341.62	1163.01	1197.57	1140.08	1122.14	1027.02	1066.34	977.555	938.658	976.576	916.309	902.256	886.41	882.436	867.865	775.783	836.068	754.952	766.252	751.62	716.473	686.623	661.51	637.836	625.439	624.417	610.068	548.797	597.956	628.158	540.697	549.167	536.705	565.092	513.58	501.653	510.179	485.615	476.554	514.416	445.665	439.463	424.224	434.431	411.57	423.853	398.752	399.114	422.018	382.321	364.731	360.299	343.292	345.756	337.645	341.418	339.644	352.745	343.342	324.96	293.145	294.579	292.138	289.213	286.267	273.22	284.454	268.352	260.539	255.703	241.122	236.186	240.548	243.585	243.836	239.749	241.483	220.937	199.986	218.386	206.406	186.139	204.159	203.073	188.34	195.372	189.111	191.481	189.593	167.628	180.458	173.213	180.758	169.047	167.595	154.858	167.643	140.975
9.33E-08	46717.4	40324.9	34621.4	30816.5	27082.4	25154.7	22284.4	20027.6	18168.2	16375.3	14887.2	13665.6	12592.1	11753.5	10680.9	9938.62	9179.51	8650.7	8140.52	7581.05	7040.8	6706.66	6384.34	5922.59	5586.56	5320.4	5185.92	4891.64	4538.35	4409.29	4287.92	3984.54	3861.27	3642.75	3591.19	3396.52	3300.88	3112.61	2947.64	2840.44	2703.15	2619.93	2527.1	2469.66	2429.02	2331.04	2222.77	2126.32	2102.51	2075.4	1953.64	1840.65	1842	1792.98	1725.61	1717.2	1616.87	1631.25	1558.83	1442.45	1412.83	1357.62	1335.21	1296.71	1260.94	1182.12	1191.69	1146.55	1163.51	1118.14	1066.99	1044.48	1076.1	983.294	993.297	1001.9	899.76	921.798	899.278	870.412	812.896	799.378	803.308	770.324	779.408	784.136	745.51	758.203	697.453	718.01	675.77	646.92	662.632	619.955	591.107	601.173	616.317	607.887	546.762	576.421	543.867	554.872	535.162	525.329	527.518	511.687	490.419	480.773	489.885	455.378	461.723	442.377	429.393	414.286	428.256	424.964	388.32	407.653	395.527	387.046	414.399	377.673	368.055	357.797	353.849	312.211	314.555	330.61	336.262	309.121	321.396	281.141	309.435	283.939	286.827	290.241	251.439	266.354	253.937	269.833	250.396	255.638	236.419	249.185	258.704	239.96	261.341	237.092	225.204	245.675	202.98	227.564	215.01	226.529	230.597	190.478
9.77E-08	45953.5	40089.9	35296.4	31651.8	28083	25856.2	23356.5	20823.9	19234.9	17769.4	16111.3	15069.6	13754.1	12594.4	11944.4	10935.4	10303.2	9641.94	9044.63	8739.32	7972.52	7593.29	7401.45	6737.98	6536.92	6181.82	5676.11	5526.89	5292.88	5037.96	4978.28	4587.34	4421.13	4270.73	4101.69	3883.33	3797.47	3613.76	3424.75	3337.83	3141.75	3046.64	2888.6	2919.27	2829.31	2760.83	2658.43	2495.47	2447.96	2383.35	2326.27	2294.15	2241.9	2141.03	2030.38	2029.24	1925.61	1924.44	1840.03	1831.39	1797.98	1584.43	1545.4	1608.76	1540.83	1482.92	1389.24	1411.99	1368.37	1336.8	1285.81	1232.2	1305.21	1210.13	1190.65	1158.95	1117	1092.59	1089.67	1063.85	1027.47	958.846	979.899	983.242	951.442	902.612	907.488	889.681	878.865	811.852	838.277	829.561	834.243	743.079	714.799	689.038	724.571	695.791	694.82	722.399	678.344	705.71	671.517	608.726	639.987	625.922	656.622	616.923	569.767	564.502	557.191	528.388	538.847	546.291	521.779	501.553	505.783	514.997	473.124	498.488	486.501	449.522	437.979	471.799	399.313	413.422	420.003	422.772	378.002	396.786	385.097	386.254	373.584	392.098	391.843	344.679	343.83	326.839	336.475	336.81	340.475	293.09	289.538	299.586	268.555	319.338	298.616	280.494	270.706	293.84	271.496	269.557	292.103	274.25	274.389	237.618
1.02E-07	44500.5	40245	34992.5	32869.7	29066.9	26676.9	24232	21813.9	20404.1	18558.2	17308.1	15864.9	14715	13970.3	12719.1	11720.5	10885.2	10348	9942.62	9266.19	8925.61	8317.31	7895.45	7594.6	7054.75	6887.38	6685.21	6119.83	5945.28	5642.22	5483.59	5219.52	5070.94	4665.67	4600.01	4442.49	4361.25	4108.94	3812.67	3782.98	3584.05	3467.4	3450.02	3291.9	3268.28	3167.38	2953.61	2912.33	2753.03	2851.68	2684.78	2687.33	2538.65	2437.24	2386.85	2251.01	2285.36	2208.28	2189.41	2073.39	1961.9	1977.23	1820.17	1772.7	1845.24	1747.84	1672.17	1683.19	1590.07	1558.82	1611.07	1490.22	1428.29	1479.83	1404.6	1368.42	1329.07	1269.89	1301.22	1236	1172.87	1177.94	1195.51	1155.85	1135.5	1110.37	1107.15	1046.94	1081.84	1010.1	920.34	997.197	1002.44	952.349	910.063	899.857	869.657	852.85	848.813	825.43	787.625	848.158	771.036	708.452	756.13	751.777	761.238	749.573	692.71	709.614	719.542	647.555	624.345	631.398	633.987	600.986	658.312	602.07	576.544	538.319	562.781	538.07	570.594	517.546	498.849	537.435	502.717	533.395	452.15	500.838	470.697	421.415	482.283	447.249	468.245	410.679	393.426	415.584	379.871	355.501	379.156	376.313	337.788	356.55	372.502	383.333	379.362	347.836	350.786	341.368	350.613	370.679	358.578	329.206	334.988	287.984
1.07E-07	43380.4	38927.3	35098.5	32039.6	29785.8	26868.1	25154.6	22787	21150.2	19378.6	18129	16859	15818.5	14738	13636.5	12628.2	11940	11423.1	10845.1	10237.3	9703.35	9133.49	8516.89	8325.18	8058.08	7543.42	7187.1	6774.4	6621.98	6227.69	6057.47	6001.42	5692.45	5407.76	5316.57	5083.63	4808.23	4618.84	4389	4408.19	4093.25	4026.48	3894.04	3801.1	3656.62	3621.69	3419.86	3361.64	3301.29	3286.07	3127.72	3037.76	2913.24	2811.91	2803.69	2678.95	2653.49	2481.52	2558.71	2415.97	2332.55	2235.18	2214.31	2123.91	2117.64	2011.58	1951.48	1970.34	1870.09	1893.67	1836.22	1739.67	1715.99	1699.2	1691.69	1606.92	1535.91	1552.06	1532.98	1458.77	1442.11	1383.96	1376.38	1378.42	1306.66	1300.08	1279.71	1257.93	1245.73	1213.21	1192.74	1093.09	1097.71	1091.05	1088.22	1077.95	1016.32	1074.42	1030.39	975.69	947.105	947.252	932.82	940.217	879.579	861.644	859.139	835.628	820.25	841.543	799.328	802.512	741.381	748.94	763.451	757.849	752.047	720.978	701.295	713.627	677.902	645.063	648.645	674.886	610.801	606.496	610.797	610.391	566.862	605.447	541.308	534.883	559.301	554.835	505.338	525.378	512.186	497.353	485.192	453.398	435.497	450.022	427.701	467.481	450.124	422.102	443.724	432.009	456.285	447.536	393.717	387.433	423.331	390.71	389.242	377.513
1.12E-07	42126.9	38842.1	34768.8	31760	29630.5	27794.6	25308.1	23476.5	21747.7	20043.4	18901.9	17697.5	16654.9	15691.3	14757.7	13572.9	12933.6	12194.5	11391.7	10858.7	10504.6	9827.57	9402.45	8969.15	8751.25	8318.1	7889.68	7442.05	7196.18	6826.58	6690.57	6475.06	6400.82	5888.78	5841.22	5604.16	5442.45	5198.94	4850.49	4960.02	4545.3	4612.37	4396.51	4238.41	3989.92	4006.48	3953.72	3755.53	3653.73	3618.49	3469.69	3386.81	3378.05	3196.8	3074.68	3021.44	2994.3	2891.78	2879.58	2795.59	2678.8	2618.56	2581.4	2476.85	2442.51	2272.03	2228.33	2245.4	2150.66	2162.85	2094.32	1983.56	1976.12	1950.42	1931.57	1823.66	1813.61	1829.69	1719.28	1655.81	1748.21	1630.79	1614.14	1526.36	1515.84	1524.4	1556.53	1481.2	1487.45	1388.05	1377.08	1328.62	1294.26	1299.85	1288.3	1249.08	1220.83	1204.8	1130.35	1116.25	1139.99	1119.98	1113.57	1047.21	1057.88	1011.49	1019.97	990.523	953.94	1003.87	924.782	969.124	903.629	898.359	863.714	873.086	867.824	870.256	822.135	838.105	803.65	723.592	752.746	810.806	695.607	722.408	696.271	696.263	681.163	689.984	638.957	670.085	643.685	625.355	624.726	601.182	640.472	563.606	605.364	534.147	534.089	518.682	527.841	540.022	526.639	540.757	522.901	514.225	535.691	471.657	492.045	504.787	515.896	460.53	462.655	466.858
1.17E-07	39731.3	37376.3	33775.3	31580.8	29708.5	27486.8	25553.8	23312.8	22636.7	20648.5	19429.7	18148.4	16966.3	16184.8	15132	14207.7	13499	12729.5	12356.4	11769.9	10936.6	10390.7	10143.1	9782.88	9273.52	8937.29	8392.59	8099.3	7874.7	7344.91	7235.17	6798.45	6874.01	6494.7	6384.63	6118.35	5894.98	5771	5478.13	5233.19	5068.5	5055.92	4737.38	4614.28	4566.71	4411.42	4225.31	4170.65	4053.36	3921.54	3901.45	3700.55	3644.9	3629.33	3388.07	3343.52	3299.79	3171.53	3184.26	3135.76	2994.49	2879.48	2651.34	2742.03	2725.31	2602.09	2641.19	2536.59	2408.97	2393.02	2402.47	2241.31	2350.71	2165	2152.18	2055.82	2079.74	1953.29	1991.16	1912.19	1886.63	1839.62	1824.04	1766.49	1783.04	1702.36	1752.04	1681.67	1655.4	1603.15	1600.3	1509.76	1449.85	1475.18	1465.88	1448.38	1417.81	1367.08	1358.87	1306.01	1395.95	1312.88	1296.85	1239.29	1228.42	1123.68	1161.23	1174.89	1092.42	1131.26	1071.39	1069.57	1078.69	1060.71	985.14	980.706	1000.96	1002.26	972.147	927.93	907.978	872.39	880.629	913.524	840.09	774.913	785.719	817.083	758.295	749.199	766.425	748.334	772.126	728.144	744.162	642.17	721.144	675.136	676.525	635.055	626.195	652.406	608.188	657.805	573.438	583.814	598.438	606.351	605.064	571.141	554.443	557.008	543.163	565.04	580.013	523.502
1.23E-07	37067.8	35533.4	32502.6	30362.8	28981.8	26964.7	25316.1	23676	22167.5	20981.2	19746	18680.2	17639.7	16707.8	15579.8	14736.9	14068.8	13342.5	12996.8	11937.4	11551.8	11128.9	10547.5	10136.1	10036.1	9320.83	8833.03	8689.29	8161.42	7859.03	7800.58	7600.42	7265.88	7062.77	6888.12	6597.11	6423.1	6149.6	6075.18	5763.77	5688.95	5386.07	5183.61	5207.43	5079.2	4884.76	4852.98	4656.67	4433.33	4378.14	4346.05	4218.71	4081.52	3991.91	3848.69	3756.77	3577.38	3547.3	3520.83	3433.6	3345.04	3221.8	3155.43	3103.5	2990.76	2845.06	2885.5	2802.69	2814.82	2773.76	2615.87	2520.95	2463.16	2426.55	2441.53	2398.39	2274.81	2277.04	2209.3	2161.11	2202.43	2075.53	2066.61	1993.55	1998.31	1929.24	1948.69	1859.55	1828.89	1845.04	1764.16	1709.07	1747.88	1703.75	1696.27	1651.85	1618.92	1543.7	1506.89	1446.04	1543.74	1510.82	1461.94	1454.21	1328.01	1340.15	1364.53	1319.26	1268.45	1258.87	1259.02	1264.32	1202.97	1215.13	1163.49	1201.13	1148.76	1114.39	1130.75	1078.5	1018.71	989.136	1033.91	1008.73	974.214	962.396	887.999	935.389	908.619	928.288	858.166	895.279	869.377	875.126	909.446	795.607	840.784	786.013	801.84	777.186	708.003	761.695	712.523	749.952	709.733	706.685	694.666	672.02	693.707	677.425	652.871	689.881	647.848	637.698	648.509	664.727
1.29E-07	35401.2	33908.2	31255.8	29645.6	28109.1	26838	24917.9	23534.1	22273.6	20759.7	19814	18682.2	17713.7	17082.3	16035.9	15112.3	14761.9	14201.2	13251.9	12280.3	12055.9	11589.2	11027.6	10543	10266	9858.85	9685.13	9095.45	8805.36	8529.53	8313.45	8096.97	7584.01	7454.89	7340.57	7077.13	6861.15	6588.83	6449.93	6248.17	5982.42	5957.94	5666.57	5581.02	5439.2	5329.1	5174.59	4911.5	4911.93	4774.57	4581.83	4498.21	4551.52	4345.4	4238.77	4060.87	3863.9	3802.48	3998.11	3680.44	3685.87	3492.64	3435.85	3396.24	3303.04	3253.11	3197.23	3152.31	2986.64	2974.84	2881.33	2762.37	2858.28	2829.31	2728.44	2707.32	2492.02	2514.92	2426.88	2419.75	2329.83	2317.55	2260.97	2301.4	2258.29	2143.5	2164.78	2087.66	2094.57	1992.66	1963.23	1917.66	1920.68	1908.63	1868.7	1821.92	1811.4	1734.38	1672.63	1667.05	1671.3	1636	1678.45	1635.85	1466.04	1493.45	1538.93	1469.72	1490.01	1399.38	1403.36	1371.55	1351.57	1308.67	1293.55	1334.81	1289	1218.19	1295.49	1244.05	1226.4	1140.98	1128.18	1130.45	1077.43	1093.82	1018.93	1061.52	1049.2	1012.7	933.376	978.57	975.006	1018.29	947.143	888.866	936.536	896.221	909.508	855.748	831.752	844.847	776.41	815.779	831.39	817.495	760.963	782.41	801.318	759.676	740.743	751.786	745.51	738.873	692.573	733.804
1.35E-07	31946.4	31569.1	29880.8	28039.3	27050.1	26281.2	24222.5	22947.3	21845.9	20617.9	19817.4	18364.4	18022.4	17101.8	16189.8	15295.6	14774.3	14120.1	13834.7	12661.7	11815.3	12030.3	11528.5	10986.5	10728.2	10212.5	9937.57	9320.45	9222.53	8707.05	8657.18	8284.7	8009.28	7918.84	7567.11	7340.46	7167.36	6861.07	6797.89	6528.49	6164.81	6234.15	5869.99	5778.36	5722.36	5595.92	5470.49	5242.8	5156.89	4978.01	4845.23	4865.47	4754.37	4725.4	4469.4	4286.84	4198.09	4228.89	4195.98	4058.79	3936.42	3798.78	3772.61	3533.49	3597.17	3542.17	3394.39	3452.36	3319.57	3230.22	3135.78	2993.75	3007.58	2990.07	2941.69	2894.11	2831.55	2837.33	2586.63	2725.47	2625.5	2529	2441.61	2384.83	2469.65	2307.37	2397.73	2322.86	2282.7	2196.19	2195.12	2112.3	2093.18	1989.99	1989.5	2044.61	1977.24	1922.51	1849.61	1866.45	1813.64	1844.02	1832.22	1749.11	1690.99	1663.01	1650.32	1601.4	1612.24	1467.5	1601.07	1540.42	1460.27	1514.08	1417.37	1433.32	1460.93	1362.01	1388.42	1375.92	1357.74	1282.77	1255.39	1255.35	1177.7	1181.19	1108.75	1171.69	1195.56	1113.49	1053.44	1078.83	1088.07	1103.55	1046.77	1035.11	998.97	983.562	974.368	994.489	935.565	903.154	859.266	915.851	897.1	962.673	881.091	877	869.017	852.618	838.785	808.233	796.367	809.783	744.653	800.898
1.41E-07	29945.7	28948.1	27881.9	27170.6	25485.2	24948.6	23325.8	22146.4	21585.5	20274.1	19230.4	18607.3	17931.2	17101.4	15954.9	15679.7	14984.4	14232.8	13755.4	13450.2	12671.2	11977.5	11703.5	11299	10857.8	10303.4	9885.44	9777.78	9429.15	9150.89	8836.91	8763.38	8401.05	8239.44	7874.46	7721.68	7432.17	7208	7219.13	6979.47	6648.7	6421.47	6159.04	6202.15	6046.44	5910.09	5922.23	5747.51	5556.59	5378.14	5237.34	5138.72	4882.2	4806.26	4686.03	4570.62	4535.45	4459.69	4282.22	4135.04	4112.07	4023.62	3866.09	3869.03	3809.34	3679.95	3603.18	3603.68	3530.74	3443.83	3507.71	3293	3227.64	3209.3	3104.6	3117.04	2845.36	3028.15	2823.93	2838.06	2771.12	2710.39	2731.87	2589.7	2536.52	2559.3	2418.82	2538.95	2457.51	2409.4	2332.52	2324.07	2327.55	2197.01	2142.05	2185.17	2148.1	2048.7	1978.59	1992.52	2018.19	1865.12	1893.6	1860.73	1898.32	1824.26	1757.52	1743.32	1662.81	1671.57	1645.05	1662.38	1627.64	1605.67	1618.55	1629.66	1587.52	1474.94	1458.29	1455.63	1360.95	1368.43	1334.9	1386.16	1310.42	1299.67	1247.87	1285.23	1184	1217.85	1205.04	1129.12	1106.36	1201.77	1116.85	1056.54	1131.5	1095.55	1063.23	995.958	1022.23	1047.54	996.653	964.305	955.116	946.627	981.259	961.76	926.029	911.802	989.96	920.006	859.141	908.479	843.497	863.668
1.48E-07	27075	26820.8	25620.2	25349.9	23914.6	23525.1	22527	21343.6	20640	19698.3	18807.3	17959.6	17566.8	16780	15890.8	15179.3	14837.6	14534.2	13940.4	13376.7	12800.3	12168.2	11545.6	11218.2	10839	10587.9	10226.8	9940.86	9614.01	9336.89	9064.43	8755.57	8711.79	8452.69	8018.18	7999.81	7513.12	7585.25	7329.53	7035.48	6843.82	6773.09	6665.03	6280.81	6226.88	6135.53	5905.38	5862.55	5649.9	5483.95	5474.2	5307.43	5150.43	5160.26	4892.25	4863.06	4808.54	4616.31	4599.51	4438.05	4472.35	4354.31	4229.71	4109.62	4065.97	3870.14	3795.44	3784.8	3637.66	3596.2	3493.95	3480.97	3453.55	3437.26	3297.57	3395.01	3200.26	3156.46	3098.14	3058.32	3089.38	2894.67	2848.8	2757.12	2756.11	2624.58	2739.14	2658.49	2524.38	2473.09	2504.87	2433.56	2412.91	2447.43	2334.13	2302.81	2219.73	2173.86	2148.32	2104.64	2094	2050.69	2016.84	2085.65	1923.3	1919.14	1899.23	1820.63	1841.01	1808.02	1749.42	1763.09	1749.33	1753.75	1654.92	1657.69	1627.57	1591.99	1572.56	1659.09	1530.09	1520.65	1462.87	1390.96	1364.34	1410.63	1390.86	1364.95	1312.09	1296.76	1226.35	1238.47	1205.53	1243.04	1208.68	1142.55	1158.89	1142.6	1162.3	1081.63	1079.39	1031.95	989.944	1050.28	1037.43	1052.86	1024.87	1059.1	1029.51	1032.32	995.126	1010.52	956.462	963.295	930.578	949.062
1.55E-07	24390	24151.3	23769.2	22974.7	22521	22178.1	21463.7	20490.4	19765.8	18856.7	18185.7	17731.3	16840.6	16138.2	15448.2	14913.6	14433.7	14118.5	13691.1	13286.9	12595.6	12352.1	11379.8	11235.8	11060.7	10590.8	10027.9	10155.4	9738.41	9254.12	9170.62	8853.61	8701.53	8396.61	8402.28	7832.76	7886.53	7653.01	7481.97	7148.19	6963.86	6989.75	6710.79	6519.89	6381.1	6210.12	6145.65	6053	5736.38	5633.83	5582.03	5404.11	5321.59	5167.14	5027.36	5061.56	4853.63	4825.35	4692.2	4636.04	4638.27	4390.29	4433.25	4262.73	4144.45	4102.37	3952.39	3930.32	3785.55	3689.29	3658.04	3587.36	3529.74	3504.3	3467.3	3389.33	3249.54	3342.04	3265.45	3106.38	3109.55	3018.02	2994.32	2861.69	2941.56	2798.11	2780.1	2757.57	2695.19	2644.26	2632.88	2581.85	2536.24	2490.47	2436.85	2392.9	2399.31	2334.13	2294.1	2167.93	2208	2247.51	2163.88	2103.95	2106.46	2022.26	2057.76	1948.23	1919.87	1908.15	1854.48	1847.12	1890.8	1793.34	1801.77	1776.05	1712.76	1665.42	1642.14	1658.46	1630.86	1551.75	1527.19	1524.29	1522.13	1514.62	1410.19	1403.31	1442.52	1359.51	1289.03	1355.04	1330.14	1310.71	1239.71	1283.98	1214.33	1219.66	1209.13	1190.2	1149.77	1144.15	1112.41	1099.94	1146.96	1136.76	1102.96	1088.36	1109	1056.53	1089.3	1042.24	1013.41	1023.06	1008.77	999.019
1.62E-07	21591.6	21730.8	21743.7	21340	20978.5	20758.4	19405.4	19508.6	18833.4	18186	17341.3	16824.5	16184.9	15726.3	15201.1	14555.7	13918.4	13732.7	13418.5	12876	12518	12062.3	11354.6	11028.4	10624.9	10474	10409.1	10120.2	9562.71	9365.77	9096.28	8930.89	8653.44	8596.36	8483.91	7923.55	7871.56	7627.13	7601.55	7233.94	7048.45	6907.23	6766.66	6476.38	6427.5	6211.52	6348.86	6087.99	5938.08	5738.48	5535.19	5458.21	5387.24	5437.11	5139.31	4889.85	4882.74	4820.39	4935.91	4746.65	4693.41	4567.78	4497.13	4290.55	4230	4130.87	4072.89	4009.11	3823.8	3761.49	3875.77	3692.37	3767.6	3718.43	3542.38	3557.22	3488.69	3332.39	3214.98	3217.54	3155.24	3061.51	3068.12	3058.82	3016.19	2874.16	2798.72	2809.08	2797.61	2664.6	2692.45	2635.64	2673.98	2504.86	2554.65	2492.36	2576.01	2461.96	2365.8	2268.96	2342.45	2272.07	2200.1	2098.96	2115.73	2102.73	2092.43	2121.89	2089.1	2015.11	1973.55	1978.98	1945.77	1825.38	1771.46	1801.55	1849.34	1818.09	1732.24	1749.59	1664.22	1571.27	1512.35	1558.83	1599.42	1523.47	1530.38	1506.47	1475.42	1419.08	1379.98	1320.13	1425.38	1354.22	1331.05	1292.03	1309.31	1257.89	1300.21	1234.06	1194.28	1195.28	1121.49	1199.43	1157.96	1249.05	1156.86	1166.83	1147.86	1072.79	1116.14	1104.46	1070.5	1107.35	1066.07	999.945
1.70E-07	19098.4	19007.1	19367.5	19264.1	19049.5	18966.8	18381.9	17769.8	17526.6	16662.4	16400.6	15861.5	15386.4	15037.4	14278.3	14081.1	13466.9	13253.8	12993.1	12216.2	12141.2	11920.2	11460.8	10869	10390.5	10174.2	9979.99	9743.58	9531.49	9137.65	8932.35	8679.22	8658.56	8571.65	8100.55	7940.72	7764.57	7573.43	7397.94	7208.68	7034.68	7033.84	6834.46	6583.2	6585.32	6366.94	6327.97	6097.62	5970.77	5828.67	5700.9	5589.05	5491.4	5410.86	5110.4	5322.25	5073.73	4915.88	4868	4780.69	4576.36	4536.76	4431.92	4444.71	4350.48	4319.55	4160.34	4032.17	4020.87	3916.31	3844.13	3773.46	3741.67	3644.8	3680.02	3587.05	3332.28	3433.05	3443.96	3246.88	3232.64	3131.69	3062.13	3134.73	3185.11	2994.86	2892.87	2911.41	2817.73	2796.91	2772.42	2752.39	2721.15	2683.25	2586.23	2529.55	2511.27	2465.09	2384.32	2436.13	2317.36	2307.69	2255.7	2219.43	2178.41	2192.43	2161.52	2131.86	2062.75	2064.33	2059.51	2101.21	1983.68	1939.25	1858.87	1894.42	1811.99	1790.5	1807.28	1734.28	1755.29	1681.75	1644.17	1628.46	1602.35	1611.24	1571.22	1479.13	1492.38	1517.46	1412.71	1462.66	1418.08	1389.81	1339.98	1413.49	1291.63	1356.22	1361.08	1222.8	1230.85	1259.29	1210.38	1278.32	1217.46	1286.87	1167.22	1212.83	1251.91	1143.63	1134.95	1147.94	1153.09	1052.16	1046.81	1090.62
1.78E-07	16469.4	16869.3	17232.4	17024.6	17034.8	17151.4	16629.3	16345.3	16057.8	15364.3	15370.5	15007.1	14487	14129	13750.9	13447.6	12911.2	12801.7	12488.1	12147.7	11524.5	11518	10907.6	10414.9	10388.3	10023.7	9640.09	9543.9	9220.71	8933.49	8905	8586.9	8468.17	8358.34	8084.75	7774.42	7597.7	7443.95	7314.56	7135.83	6923.56	6951.25	6707.99	6549.11	6339.79	6289.18	6187.29	5934.65	5836.93	5664.97	5574.91	5579.18	5263.99	5294.85	5225.94	5194.99	4971.7	4896.67	4939.64	4858.44	4679.7	4603.48	4514.3	4430.18	4399.96	4228.45	4133.54	4060.47	3937.17	3945.33	3932.45	3745.99	3778.21	3644.15	3646.45	3614.44	3456.61	3485.62	3416.95	3292.74	3287.83	3226.74	3178.91	3088.21	3074.13	3092.2	2967.78	2921.08	2894.56	2788.35	2731.84	2763.54	2734.62	2661.3	2592.97	2572.12	2544.68	2468.17	2416	2520.63	2432.08	2295.96	2338.15	2305.49	2246.58	2210.81	2197.19	2186.59	2133.25	2073.58	2110.19	2066.94	1997.74	1954.55	1915.95	1922.8	1928.66	1848.66	1822.21	1792.94	1757.79	1765.37	1674.12	1653.77	1650.43	1641.05	1534.77	1510.7	1516.08	1512.25	1430.54	1451.4	1429.56	1450.41	1408.99	1370.95	1355.87	1381.13	1345.38	1279.67	1247.08	1280.49	1225.02	1277.37	1232.72	1245.87	1241.56	1255.21	1202.07	1182.01	1186.76	1158.54	1135.88	1091.58	1127.68	1100.64
1.86E-07	14375.3	14554.4	15280.3	15038.3	15470.4	15338.8	14959.1	14801.4	14958.9	14354	14316.5	13790.8	13598.4	12940	13042.9	12753	12584.7	11839	11711.6	11386.5	11036.5	10920.3	10197.5	9934.76	9844.44	9541.99	9351.78	9239.23	8958.03	8687.25	8646.13	8457	8215.96	8104.84	7725.56	7610.39	7438.11	7355.05	7181.42	7003.11	6903.72	6726.69	6648.55	6417.15	6162.23	6142.45	6159.7	5910.12	5738.55	5493.86	5632.38	5479.7	5301.26	5227.57	5117.53	5104.44	4872.62	4846.8	4829	4696.94	4816.02	4534	4523.72	4385.21	4393.97	4212.61	4065.69	4134.66	3924.42	3844.06	3875.99	3766.95	3787.05	3686.75	3666.77	3579.53	3423.6	3436.94	3367.49	3319.93	3302.16	3280.38	3081.99	3088.7	3058.48	3141.39	3007.62	2926.31	2935.41	2828.28	2772.32	2725.11	2797.83	2676.91	2576.22	2562.42	2515.7	2457.98	2502.51	2465.25	2382.4	2337.33	2333.08	2338.25	2284.77	2211.82	2196.54	2216.97	2186.32	2103.86	2095.35	2079.63	1970.23	2003.59	1919.93	2022.26	1932.14	1881.75	1831.13	1817.06	1760.1	1759.24	1734.7	1645.24	1642.91	1686.34	1573.27	1613.82	1521.11	1511.51	1448.54	1465.68	1474.02	1512.26	1417.32	1390.4	1361.04	1385.35	1367.35	1266.38	1258.87	1270.38	1253.97	1341.73	1274.2	1251.68	1194.08	1238.38	1224.84	1246.67	1210.72	1132.7	1176.46	1137.17	1147.46	1091.83
1.95E-07	12267	12532.9	13103.1	13419.4	13482.7	13776.8	13642.7	13676.7	13499.1	13091.6	12929.1	12694.3	12333.1	11971	11785.7	11800.2	11241.7	11060.6	10775.2	10389.4	10277.7	10058.1	9780.09	9549.33	9385.9	9081.79	8721.81	8780.99	8721.81	8204	8278.52	7949.63	8004.72	7688.1	7611.93	7531.27	7018.74	7060.57	6891.88	6960.26	6544.9	6555.79	6391.45	6270.37	6290.01	5994.61	5834.76	5743.41	5602.5	5520.17	5443.16	5311.24	5355.75	5169.14	5027.79	4835.51	4920.2	4750.9	4733.38	4679.38	4492.14	4402.4	4337.04	4210.37	4158.12	4090.73	4120.62	3892.43	3953.28	3784.35	3849.82	3747.88	3680.3	3591.08	3512.26	3450.58	3330.45	3365.37	3375.17	3244.05	3215.93	3268.48	3078.27	3079.67	3054.06	3110.55	2864.8	2902.85	2800.07	2828.07	2665.2	2669.05	2731.47	2677.46	2705.42	2579.72	2533.98	2431.79	2504.1	2360.88	2228.66	2358.76	2282.06	2190.29	2234.9	2143.68	2216.59	2252.1	2077.86	2087.95	2104.77	2103.4	1936.58	2025.6	1915.06	1922.65	1939.48	1925.49	1827.67	1743.16	1776.62	1686.33	1744.69	1676.14	1598.41	1652.83	1601.28	1631.89	1546.1	1530	1495.97	1458.29	1482.33	1491.14	1467.91	1335.22	1369.91	1396.92	1409.68	1237.47	1235.99	1323.92	1237.94	1297.07	1306.25	1250.61	1216.48	1195.8	1275.55	1184.48	1245.76	1150.34	1186.4	1141.51	1090.96	1127.07
2.04E-07	10350.9	10715.4	11333.4	11650.8	11820.8	11850.3	12048.6	12004.5	12104.5	11890	11621.7	11548.7	11437.1	11335.8	10940.9	10803.5	10445	10479.9	10077.1	9810.95	9577.99	9605.28	8959.73	9050.75	8691.55	8496.64	8521.8	8293.98	8125.93	7919.96	7830.32	7632.02	7528.97	7256.24	7228.98	7142.29	6866.75	6662.09	6655.91	6587.4	6393.57	6385.34	6243.03	6011.75	6013.3	5557.95	5726.87	5556.06	5369.64	5307.87	5238.15	5171.44	5101.89	4999.16	4844.8	4848.45	4557.63	4635.05	4520.29	4553.55	4395.03	4384.92	4273.22	4104.89	4090.51	4080.98	3914.56	3837.99	3920.89	3767.42	3636.36	3698.03	3574.81	3489.17	3506.97	3487.28	3351.47	3322.51	3266.83	3276.92	3210.27	3100.52	3080.09	2963.23	2971.95	2869.34	2934.38	2834.31	2802.93	2797.05	2753.55	2588.76	2627.31	2524.48	2542.57	2514.99	2449.59	2420.52	2410.61	2247.19	2323.36	2254.44	2263.86	2180.98	2278.72	2208.81	2151.66	2148.29	2040.75	2102.53	2054.24	1978.34	1940.09	1911.59	1895.24	1866.9	1906.27	1839.33	1747.34	1789.96	1737.22	1683.4	1664.06	1739.25	1620	1641.2	1564.39	1549.25	1537.9	1473.46	1481.96	1436.15	1431.21	1423.1	1494.3	1336.68	1370.67	1288.96	1413.96	1252.15	1223.85	1218.08	1228.11	1247.38	1238.17	1241.79	1269.83	1211.79	1223.46	1217.78	1160.71	1211.88	1182.52	1145.16	1096.61	1124.55
2.14E-07	8537.55	8888.59	9423.54	9588.32	9901.8	10131.9	10174.7	10343.8	10502.5	10510.3	10385.9	10254.6	10048.8	9930.22	9697.49	9584.6	9429.91	9390.51	9286.19	8968.04	8776.61	8753.63	8418.4	8367.37	8279.91	7946.95	7894.86	7786.41	7653.53	7325.18	7212.81	7139.9	6912.87	6834.87	6775.9	6625.67	6467.73	6302.57	6352.85	6169.46	5953.1	5836.99	5782.5	5782.06	5523.63	5456.51	5388.62	5296.79	5227.22	5182.51	4963.25	4951.36	4854.12	4733.1	4659.29	4627.01	4540.69	4383.32	4326.17	4314.93	4257.21	4139.1	4086.74	4019.26	4057.51	3932.52	3861.53	3703.17	3609.3	3696.76	3573.98	3532.46	3500.77	3464.27	3331.7	3386.68	3213.99	3310.24	3124.64	3149.56	3065.86	3047.57	2880.1	2962.23	2945.91	2850.1	2799.11	2768.25	2711.96	2660.77	2584.92	2650.92	2529.54	2515.8	2452.26	2490.06	2350.03	2278	2319.3	2246.49	2281.13	2274.99	2224.22	2100.87	2137.2	2175.51	2061.15	2026.25	2070.21	1990.25	1978.83	1866.93	1904.47	1908.21	1867.09	1878.18	1807.05	1789.65	1744.92	1705.25	1647.7	1632.41	1670.47	1606.33	1574.34	1568.24	1437.62	1509.88	1513.22	1405.78	1402.14	1389.31	1400.59	1406.15	1403	1316.52	1272.86	1290.78	1333.67	1183.67	1232.28	1241.27	1188.21	1192.77	1214.94	1150.83	1232.23	1169.53	1176.61	1127.85	1118.94	1132.77	1102.48	1078.35	1066.71	1074.06
2.24E-07	6928.87	7495.08	7770.23	7858.09	8315.39	8705.04	8731.27	9060.22	9233.5	8744.57	9071.13	9068.85	9033.42	8852.95	8803.11	8683.52	8589.7	8570.51	8384.11	8049.18	8090.31	7976.69	7849.18	7544.19	7560.29	7612.34	7273.06	7256.35	7082.13	6935.98	6780.24	6805.33	6533.87	6484.87	6311.22	6106.19	5966.72	5996.66	5993.71	5582.85	5706.55	5566.02	5566.6	5506.73	5382.68	5140.18	5062.38	4975.55	4845.93	4864.5	4701.09	4730.24	4524.44	4561.76	4524.03	4379.7	4378.24	4089.57	4046.97	4064.4	3988.38	3910.63	3915.17	3975.4	3764.12	3688.37	3654.59	3578.53	3559.49	3434.5	3538.28	3381.01	3284.45	3319.18	3202.9	3095.07	3116.04	3065.93	2917.86	3113.19	2970.69	2920	2863.2	2906.12	2742.63	2736.55	2736.47	2604.69	2636	2517.25	2504.41	2466.84	2490.05	2438.05	2372.14	2344.08	2302.06	2241.41	2187.18	2260.11	2197.88	2132.67	2140.39	2067.18	2108.12	2041.08	2059.95	2026.53	2003.84	1926.91	1920.29	1868.25	1842.37	1859.46	1827.9	1777	1714.2	1687.28	1762.81	1555.91	1622.22	1654.39	1577.74	1594.2	1570.42	1553.32	1510.49	1464.62	1453.76	1422.55	1397.18	1319.32	1350.03	1340.3	1304.63	1290.81	1202.73	1268.85	1296.86	1202.03	1210.81	1271.55	1134.08	1183.84	1167.8	1117.09	1169.4	1139.12	1155.4	1091.65	1063.26	1073.03	1138.89	1082.18	975.983	1044.47
2.34E-07	5930.09	6128.54	6449.35	6846.31	6918.31	7167.4	7479.39	7700.72	7739.16	7804.47	7799.27	7924.62	8046.11	8001.74	7678.93	7845.74	7738.42	7568.19	7668.88	7326.76	7300.64	7307.55	6979.54	6880.37	7052.58	6928.16	6785.11	6612.2	6508.53	6219.4	6152.79	6174.59	6212.8	6047.23	5948.51	5815.71	5641.03	5640.83	5566.24	5460.62	5261.82	5269.03	5190.28	5180.05	4838.7	5011.94	4784	4714.75	4466.26	4639.41	4448.86	4563.56	4392.32	4172.57	4063.09	4224.82	4017.11	3999.09	3938.69	3973.62	3821.73	3742.49	3717.47	3733.85	3682.23	3497.59	3473.24	3458.31	3380.37	3380.52	3157.91	3202.47	3255.39	3114.17	3093.54	2992.29	3016.07	2913.1	2903.96	2859.89	2930.74	2761.82	2713.69	2631.83	2630.99	2648.04	2613.31	2491.89	2523.81	2535.44	2407.81	2395.14	2348.75	2298.09	2345.76	2267.61	2262.24	2161.53	2152.98	2164.55	2093.8	2058.01	2058.31	2047.16	2054.45	1957.73	1923.26	1933.28	1835.5	1911.13	1813.1	1835.02	1717.22	1746.38	1675.32	1702.89	1689.56	1704.99	1615.02	1628.11	1621.01	1571.6	1439.03	1562.75	1497.65	1460.76	1429.12	1430.55	1436.99	1348.89	1319.07	1367.14	1299.44	1368.35	1314.41	1288.94	1213.03	1221.29	1259.94	1188.71	1173.77	1207.11	1080.51	1161.12	1164.77	1168.44	1180.21	1145.95	1123.25	1113.7	1070.09	1037.22	1048.73	978.979	1037.96	967.135
2.45E-07	4714.81	5060.87	5316.66	5553.58	5692.98	5995.64	6204.08	6474.2	6584.54	6526.71	6790.18	6745.32	6952.1	6939.51	6836.58	6830.71	6831.92	6693.62	6698.19	6576.04	6339.59	6510.76	6397.09	6347.95	6292.74	6334.91	6058.7	5853.7	5817.81	5836.78	5711.42	5757.94	5597.85	5457.02	5408.68	5341.22	5274.23	5131.71	5018.01	5021.95	4897.77	4824.17	4790.69	4712.54	4603.29	4447.53	4413.15	4428.22	4266.99	4221.11	4218.78	4264.44	4021.9	3988.01	3951.41	3845.02	3815.11	3741.13	3653.87	3700.24	3585.78	3607.58	3477.03	3411.58	3471.16	3326.07	3276.8	3286.79	3117.88	3149.94	3101.04	3030.68	3062.24	2993.96	2929.71	3018.32	2793.6	2794.62	2830.13	2693.36	2780.59	2639.36	2582.95	2555.92	2535.51	2408.89	2440.01	2394.04	2407.98	2302.6	2281.84	2276.06	2275.06	2153.49	2147.19	2082.03	2074.84	2048.1	2021.69	2077.11	2065.64	2023.71	1935.31	1948.42	1923.1	1881.91	1784.53	1852.34	1855.21	1847.37	1713.43	1727.37	1777.23	1706.96	1714.8	1610.53	1616.57	1574.89	1558.81	1515.49	1448.54	1450.06	1481.36	1467.29	1427.94	1420.4	1358.04	1357.2	1359.63	1339.5	1241.57	1265.84	1265.12	1245.23	1212.76	1187.1	1225.74	1153	1209.82	1121.95	1112.81	1142.72	1114.77	1054.97	1106.85	1042.29	1098.18	1026.3	1066.03	1104.47	1097.06	1003.94	999.077	959.957	979.121	950.593
2.57E-07	3789.43	3976.05	4279.12	4353.29	4576.73	4847.82	5062.07	5222.79	5376.56	5545.77	5515.24	5663.23	5792.27	5726.46	5751.39	5874.74	5783.8	5803.05	5670.73	5598.98	5463.7	5624.59	5576.64	5557.91	5428.05	5387.41	5344.81	5317.86	5329.38	5289.78	5108.52	5147.73	4986.43	4899.93	4904.65	4786.51	4714.93	4619.44	4605.16	4613.76	4428.63	4398.84	4361.95	4276	4253.12	4164.72	4033.18	4029.51	4040.46	3889.32	3918.01	3793.06	3669.5	3765.35	3591.35	3561.1	3523.8	3511.53	3428.12	3399.55	3342.46	3390.67	3210.43	3157.48	3171.37	3042.14	3104.86	2989.55	2931.67	2868.58	2884.63	2878.93	2796.45	2817.09	2665.2	2689.22	2686.69	2620.28	2596.75	2523.02	2548.33	2487.8	2473.1	2399.29	2426.54	2258.28	2321.32	2314.49	2215.7	2249.59	2134.53	2081.76	2144.49	2085.84	2020.24	1998.64	2024.56	2048.8	1892.71	1886.47	1865.5	1856.88	1818.18	1843.58	1803.14	1767.63	1696.45	1735.24	1687.55	1690.44	1637.38	1575.77	1641.19	1582.26	1598.37	1537.91	1575.71	1539.11	1480.84	1472.52	1403.92	1382.32	1342.09	1319.09	1353.56	1375.66	1277.06	1294.78	1251.53	1219.16	1198.22	1150.6	1123.27	1134.12	1120.89	1148.26	1143.91	1133.23	1087.34	993.83	1045.13	1084.01	1060.42	1036.63	1027.76	1029.4	1080.89	987.889	948.512	1052.02	973.666	965.34	970.601	929.321	906.753	927.601
2.69E-07	2960.24	3025.74	3284.57	3472.34	3621.99	3912.38	4093.62	4184.55	4326.68	4509.08	4537.53	4780.44	4810.22	4815.33	4680.22	4876.86	4950.94	4960.73	5034.67	4740.24	4909.59	4954.3	4876.73	4884.87	4799.04	4803.77	4730.99	4638.24	4693.66	4544.25	4421.78	4411.18	4466.51	4321.21	4214.25	4327.78	4342.38	4191.79	4072.12	4095	4013.1	3937.75	3949.69	4135.67	3724.88	3750.28	3686.8	3621.12	3600.31	3501.93	3449.73	3436.98	3476.76	3326.48	3432.47	3303.25	3238.53	3172.65	3196.43	3094.18	3128.29	3085.26	2915.51	2870.36	2948.52	2817.12	2880.94	2812.12	2709.61	2780.86	2603.87	2596.25	2613.64	2507.17	2575.57	2528.7	2465.68	2410.5	2479.72	2385.6	2284	2303.22	2250.06	2280.52	2219.45	2192.1	2212.58	2068.65	2104.05	2019.22	1975.73	1974.59	1943.51	1890.64	1844.83	1847.1	1917.48	1883.2	1809.3	1848.84	1760.27	1737.15	1730.21	1691.21	1665.02	1623.57	1508.8	1557.91	1555	1551.72	1525.5	1538.88	1547.39	1479.52	1487.21	1455.16	1399.18	1412.83	1353.63	1348.47	1310.71	1254.11	1300.66	1284.7	1270.9	1257.76	1169.46	1238.92	1141.77	1157.84	1112.4	1151.19	1102.57	1103.01	1132.41	1034.86	1089.8	1047.28	1040.54	1029.4	961.522	987.167	957.631	935.055	946.233	981.995	977.602	916.782	904.354	994.874	899.389	925.173	888.223	883.95	882.677	814.82
2.82E-07	2278.59	2441.69	2627.78	2692.39	2821.74	3088.12	3090	3384.47	3448.92	3460.36	3649.1	3730.38	3776.13	3896	3875.45	3962.31	3962.27	4087.78	3988.92	4032.54	4072.36	3995.77	4107.11	4077.96	4013.9	3956.21	3997.89	3966.64	3942.36	3985.28	3793.13	3883.69	3806.84	3781.8	3820.7	3588.8	3676.88	3651.9	3599.79	3581.85	3505.03	3501.68	3437.11	3458.81	3417.74	3318.03	3199.04	3248.2	3203.93	3202.81	3162.76	3089.58	3029.58	2987.18	2933.77	2942.97	2904.12	2831.98	2803.67	2692.75	2851.48	2739.57	2681.08	2673.11	2600.3	2601.08	2533.78	2567.55	2439.9	2486.47	2529.71	2385.38	2322.19	2287.44	2253.41	2263.54	2269.52	2158.06	2204.1	2158.99	2097.27	2040.73	2042.09	2005.01	1957.59	1961.01	1985.2	1869.73	1883.2	1875.7	1821.27	1828.99	1870.31	1782.8	1762.91	1786.21	1676.68	1679.66	1693.17	1627.81	1509.8	1580.97	1583.14	1546.16	1539.4	1490.17	1510.87	1431.06	1460.79	1479.29	1423.26	1412	1358.22	1342.96	1304.34	1328.72	1288.93	1262.48	1309.18	1259.14	1160.95	1212.85	1164.34	1193.81	1157.21	1163.92	1147.9	1108.06	1056.43	1122.46	1029.75	1054.78	1035.1	1025.39	1020.64	946.724	971.222	985.986	1011.03	904.511	922.206	929.652	917.342	923.903	905.821	891.827	911.897	879.406	868.503	820.044	847.436	846.22	883.1	808.715	815.237	837.905
2.95E-07	1766.06	1969.97	1996.41	1993.16	2152.77	2329.21	2394.93	2612.05	2652.61	2749.66	2906.02	2961.74	3029.43	3107.82	3122.46	3224	3215.34	3202.21	3367.03	3270.4	3324.96	3333.29	3386.7	3403.1	3348.52	3374.37	3368.57	3317.31	3163.2	3376.04	3218.2	3210.43	3164.2	3237.38	3183.08	3078.78	3159.77	3166.91	3096.57	3104.34	3119.73	3033.21	2902.99	2995.9	2940.12	2865.87	2814.92	2780.01	2836.74	2702.29	2808.92	2686.57	2697.8	2655.95	2614.12	2600.44	2516.41	2558.1	2461.97	2411.44	2438.89	2445.07	2417.01	2349.2	2364.38	2341.71	2313.58	2289.67	2213	2213.42	2201.09	2144.61	2145.11	1993.56	2071.76	2085.88	2051.26	2008.9	1935.27	1903.89	1904.78	1852.76	1836.16	1820.98	1843.02	1778.02	1802.18	1753.64	1727.33	1697.99	1637.08	1656.72	1660.39	1637.67	1610.58	1528.91	1502.74	1518.35	1524.58	1512.72	1431.36	1412.86	1451.68	1403.07	1380.8	1309.93	1357.41	1299.52	1342.14	1315.77	1254.82	1302.06	1299.38	1213.63	1217.88	1232.7	1194.47	1198.11	1173.37	1140.25	1046.67	1059.54	1088.51	1090.91	1030.17	1022.48	1010.76	1029.34	981.775	970.158	902.45	969.912	949.662	979.061	914.838	894.482	866.607	854.906	857.85	819.45	873.675	854.744	849.917	830.404	815.602	833.124	826.654	762.34	826.895	763.688	808.584	766.046	763.52	733.308	701.434	709.937
3.09E-07	1384.35	1452.64	1489.96	1475.66	1664.23	1815.22	1772.57	1931.4	1981.98	2071.56	2186.55	2325.63	2348.17	2376.59	2528.51	2531.22	2604.96	2416.52	2584.26	2578.15	2579.2	2673.8	2643.39	2736.9	2735.03	2791.95	2832.94	2798.04	2664.04	2790.31	2689.72	2731.36	2686.41	2627.19	2730.4	2643.51	2646.39	2703.07	2617.54	2634.9	2579.3	2587.14	2473.39	2557.49	2406.89	2397.74	2385.44	2434.7	2362.91	2392.91	2352.46	2279.34	2290.55	2289.97	2216.25	2170.85	2304.91	2256.28	2172.18	2086.03	2129.67	2140.43	2032.44	2088.4	2032.67	1957.46	2008.99	1968.54	1956.06	1911.19	1904.09	1876.08	1890.94	1866.57	1817.19	1826.73	1782.35	1767.58	1770.56	1692.72	1672.31	1639.26	1642.09	1607.31	1596.01	1509.85	1483.27	1577.47	1576.7	1480.57	1541.37	1462.46	1491.68	1419.55	1394.4	1328.31	1418.96	1354.23	1378.05	1276.49	1288.84	1276.66	1253.11	1274.83	1207.98	1166.86	1224.06	1155.64	1181.83	1232.06	1088.14	1135.53	1125.01	1077.67	1078.05	1078.23	1069.88	1067.26	1048.28	1009.58	1031.37	964.081	961.593	977.774	956.104	937.113	869.612	885.287	916.217	915.658	781.395	872.892	778.258	882.492	818.68	834.311	774.163	798.309	783.447	752.57	793.369	775.296	792.334	738.173	727.733	762.198	727.869	727.905	741.275	731.327	699.498	721.142	657.204	699.007	670.733	664.478
3.24E-07	1007.12	1081.98	1167.59	1113.67	1231.25	1265.55	1348.67	1437.68	1551.13	1554.17	1732.17	1668.67	1799.18	1864.71	1848.79	1973.84	1909.62	1947.03	2028.58	2086.9	2039.86	2147.75	2107.07	2171.98	2204.41	2180.99	2159.66	2186.98	2245.96	2187.04	2174.47	2126.96	2168.89	2107.43	2219.44	2141.12	2252.3	2216.09	2208.41	2200.23	2123.9	2138.4	2155.92	2120.19	2075.24	2017.73	2103.88	2033.27	2034.28	2029.06	1954.81	1975.07	1923.05	1934.1	1914.82	1838.85	1895.67	1844.7	1790.55	1812.5	1797.99	1801.41	1803.55	1704.03	1810.6	1738.96	1686.39	1646.7	1651.2	1612.8	1673.89	1625.37	1591.01	1527.76	1615.84	1554.37	1541.26	1533.77	1463.13	1452.34	1459.93	1371.92	1453.38	1452.5	1355.41	1424.6	1376.84	1337.74	1288.09	1298.86	1325.54	1271.23	1284.06	1273.91	1169.96	1272.87	1212.01	1221.05	1156.15	1157.06	1148.4	1137.57	1114.02	1145.72	1068.64	1048.56	1028.04	1053.88	1044.37	1055.59	1024.64	979.542	1050.62	1008.3	1026.81	955.619	935.589	927.117	940.814	883.023	862.956	824.606	873.864	859.572	833.374	803.735	784.238	839.803	733.798	769.097	737.271	716.927	759.417	748.954	735.875	733.136	662.373	692.189	683.328	670.66	679.868	678.513	673.21	638.595	667.617	653.463	678.977	621.92	630.773	662.692	602.742	623.602	653.117	586.929	589.608	592.998
3.39E-07	771.54	780.528	835.973	849.166	870.809	923.823	974.634	1086.67	1149.71	1197.67	1295.49	1331.19	1295.59	1389.55	1403.66	1446.37	1432.16	1510.13	1512.89	1522.31	1599.22	1674.34	1660.63	1704.87	1716.65	1709.53	1742.32	1708.37	1761.3	1776.51	1687.92	1687.37	1697.49	1760.92	1745.53	1777.38	1760.77	1803.5	1787.6	1742.84	1759.48	1808.77	1694.32	1737.31	1654.64	1646.77	1766.74	1740.28	1683.5	1642.62	1635.43	1614.99	1605.55	1622.88	1628.8	1604.49	1561.53	1562.96	1527.37	1479.72	1543.69	1504.17	1532.37	1485.73	1482.72	1457.2	1433.99	1434.26	1414.08	1416.12	1407.78	1369.93	1358.48	1309.28	1326.02	1313.23	1317.92	1286.98	1238.73	1266.46	1285.23	1217.5	1236.93	1207.93	1169.67	1212.21	1167.39	1145.08	1151.45	1099.53	1124.75	1095.82	1082.97	1071.59	1089.07	1015.5	1045.49	1040.13	1022.42	1016.32	1019.74	959.949	986.606	950.213	915.627	901.43	909.748	905.794	918.812	901.767	868.299	898.173	889.408	853.63	825.953	862.56	815.612	819.325	813.325	795.938	763.128	741.229	737.906	749.753	754.834	706.781	705.745	729.893	668.291	663.295	656.809	646.459	634.094	633.808	639.18	621.47	603.68	600.556	599.275	591.529	592.744	573.712	591.847	571.926	579.025	589.92	585.2	551.9	588.247	564.068	519.075	519.607	533.874	511.549	503.858	532.923
3.55E-07	598.56	611.294	625.267	617.048	651.499	681.59	735.772	799.742	846.566	895.224	902.154	967.698	1022.19	1021.36	1065.25	1099.25	1079.57	1099.18	1112.78	1135.96	1208.35	1274.13	1234.01	1310.99	1341.73	1322.98	1382.7	1353.6	1336.49	1372.74	1313.35	1289.81	1358.17	1338.29	1387.66	1402.18	1363.8	1459.29	1426.75	1380.01	1365.26	1463.16	1363.99	1419.82	1377.35	1371.08	1401.16	1392.59	1338.7	1388.56	1358.95	1369.65	1338.27	1334.12	1370.18	1320.84	1281.24	1293.88	1280.55	1267.44	1251.86	1231.56	1243.85	1228.26	1200.88	1235.74	1174.09	1251.38	1208.29	1192.39	1166.39	1153.95	1170.34	1123.06	1103.04	1096.14	1102.46	1062.1	1021.01	1081.7	1074.49	1005.69	1014.12	1066.18	1001.22	1012.96	980.751	936.235	954.072	948.094	957.573	934.211	949.434	911.409	911.79	891.205	865.916	884.825	879.6	897.866	828.084	804.221	812.351	826.767	796.773	820.711	791.286	750.469	791.089	769.731	758.898	747.891	748.405	736.858	717.759	708.786	718.345	711.45	684.834	667.613	700.886	644.551	621.626	646.729	609.427	634.924	592.429	599.142	652.682	622.911	542.712	587.188	604.455	586.504	585.871	541.714	515.425	548.833	547.644	533.769	533.326	489.794	516.721	506.923	516.334	476.141	504.208	485.134	514.528	478.153	454.193	456.687	479.792	465.889	476.235	447.689
3.72E-07	457.249	476.419	414.881	426.169	500.833	523.153	517.495	579.179	567.042	616.966	633.425	685.819	730.947	748.166	769.616	783.826	779.133	767.574	819.797	869.786	817.067	913.644	882.905	965.622	1012.12	1023.47	1035.81	1025.23	1045.41	1041.54	1043.32	1067.19	1064.26	1019.77	1129.35	1078.18	1075.71	1106.06	1066.76	1103.43	1039.65	1088.57	1065.34	1121.85	1121.26	1114.59	1073.26	1067.95	1090.1	1111.81	1052.7	1105.16	1069.9	1062.16	1085.7	1080.19	1078.92	1079.89	1066.28	1014.92	1021.75	1075.31	1045.28	1019.85	1054.19	995.456	986.474	993.689	946.849	974.984	965.925	958.258	957.264	897.647	902.11	956.3	904.984	922.1	867.082	924.679	934.797	815.512	836.144	887.194	923.88	798.891	810.096	776.35	803.444	847.753	793.111	784.863	827.253	765.314	790.834	743.387	732.505	711.375	686.321	699.508	712.228	705.997	722.158	707.922	713.103	669.635	694.772	667.725	652.425	642.405	624.679	612.276	643.948	636.949	609.404	621.696	608.953	585.722	572.331	649.884	586.648	557.936	576.321	549.263	523.01	554.956	510.193	557.003	524.066	489.623	451.469	468.538	499.768	510.87	486.549	505.435	472.02	493.605	473.931	428.825	450.733	438.727	438.961	388.214	462.012	425.03	426.938	431.521	405.683	413.602	374.462	433.741	377.212	362.794	397.268	439.088
3.89E-07	306.231	330.995	350.919	325.838	370.613	354.801	415.372	420.924	429.432	457.563	478.9	473.671	524.167	531.072	536.782	571.269	550.807	605.948	599.563	612.006	641.157	665.707	718.352	693.14	705.214	771.505	742.508	764.309	814.141	817.643	818.167	772.993	809.596	817.232	863.099	812.824	871.215	839.977	845.725	858.381	850.183	864.327	875.482	871.119	840.893	824.639	854.222	881.407	863.616	821.87	875.059	856.584	890.679	876.255	860.046	827.252	823.179	838.512	841.753	839.868	836.747	845.304	790.456	856.121	846.334	846.779	807.937	788.244	802.767	778.662	761.459	759.574	795.156	736.9	742.023	766.822	725.8	748.416	699.641	719.294	740.251	769.768	696.26	716.99	689.003	756.01	672.095	672.088	694.422	629.95	661.706	671.06	662.63	637.775	634.165	659.216	637.036	656.543	614.186	634.655	575.199	566.292	601.17	569.258	600.193	610.542	547.264	548.619	559.632	558.883	527.847	557.506	558.575	573.543	507.937	532.216	484.153	525.966	493.599	499.985	455.709	484.489	479.414	431.419	461.792	432.685	431.282	443.754	432.974	394.5	416.301	407.682	381.721	429.83	388.474	418.434	370.639	382.527	382.936	370.68	400.768	372.681	356.687	376.114	384.239	348.355	352.702	371.534	360.693	370.393	364.526	355.704	340.953	366.909	342.382	324.901
4.07E-07	248.539	236.952	246.493	240.41	267.866	267.157	319.006	306.093	337.59	318.245	351.576	366.762	376.704	383.858	359.555	425.178	386.793	425.779	436.792	461.574	487.158	500.238	518.066	547.68	514.706	578.367	557.466	566.148	577.957	594.991	609.236	595.961	584.94	608.893	629.241	628.456	648.924	650.683	614.166	623.484	629.724	676.572	685.974	694.87	703.208	650.287	698.323	682.45	664.162	648.562	670.282	678.119	705.955	675.97	638.51	660.827	665.96	625.733	645.642	652.08	649.465	670.451	656.382	676.625	671.732	661.909	640.45	647.983	629.542	615.324	621.926	637.038	653.811	619.593	631.939	633.99	616.005	615.555	578.681	603.79	590.234	589.354	625.249	581.386	561.945	603.812	530.562	524.522	553.533	515.409	553.569	525.985	518.794	522.319	522.662	521.881	532.925	499.376	530.414	473.166	489.824	456.475	480.167	471.643	462.045	450.831	474.438	460.273	485.325	466.912	459.976	476.775	440.519	468.621	438.319	437.634	404.532	436.589	390.047	415.458	376.809	378.768	418.098	368.08	381.27	392.791	343.442	382.13	336.026	341.132	332.836	368.212	337.382	347.746	355.423	340.84	319.749	307.746	306.996	304.035	309.187	312.692	299.196	310.111	309.447	281.129	300.265	300.708	305.444	303.55	295.081	289.183	285.993	311.583	298.369	256.08
4.27E-07	167.338	205.671	174.162	174.722	185.35	192.162	213.035	200.334	219.091	235.451	260.911	235.442	261.44	275.769	274.916	280.857	262.665	284.983	299.618	323.333	338.258	365.555	360.385	395.198	339.237	385.591	395.248	411.49	436.385	413.695	375.127	423.793	417.438	451.781	453.035	459.853	488.742	433.954	477.4	489.262	473.154	512.828	472.156	489.847	488.399	481.197	473.444	517.391	515.21	486.252	497.256	535.073	541.186	509.067	501.114	512.269	497.578	488.859	480.436	466.332	507.085	498.745	490.943	480.907	513.028	499.244	481.713	493.789	475.964	481.861	487.161	511.014	466.51	477.23	466.397	474.319	475.23	435.486	440.568	474.531	445.374	425.54	469.762	426.77	456.166	446.082	436.943	415.17	447.745	407.702	416.39	413.226	384.288	427.015	403.803	426.149	438.037	428.176	423.893	372.604	388.658	387.465	384.876	388.779	353.929	368.441	379.457	389.672	390.411	372.488	355.395	390.441	344.664	355.072	354.341	343.822	321.831	361.587	346.819	334.986	331.32	316.143	332.215	306.684	295.454	325.566	286.85	307.382	298.977	266.034	249.496	308.578	270.472	300.047	275.124	259.049	262.459	267.283	273.552	245.357	240.412	256.216	244.289	265.22	248.23	232.958	235.89	254.218	248.406	238.448	234.697	223.723	235.468	224.864	226.06	211.29
4.47E-07	114.173	106.044	135.642	124.493	140.468	148.08	109.402	179.113	175.687	173.452	174.968	163.363	180.712	214.481	204.213	213.081	176.305	207.878	206.961	218.595	236.234	260.287	230.305	238.536	253.109	292.027	272.53	287.933	287.787	311.384	270.5	271.984	299.241	341.565	324.469	324.837	327.759	347.762	333.132	332.161	400.85	364.727	332.938	364.193	317.836	336.911	363.098	362.203	360.588	366.36	370.206	387.331	361.676	381.639	375.298	383.005	406.101	407.878	424.632	382.422	389.758	371.542	393.469	364.426	375.862	365.214	359.229	341.155	385.308	367.751	387.462	425.473	353.615	373.795	329.41	391.033	346.849	337.197	343.873	363.929	336.485	375.737	350.703	360.251	374.671	366.687	321.014	336.125	349.528	355.119	321.677	322.085	327.171	280.238	344.039	302.537	325.024	329.535	293.579	300.395	298.686	284.855	315.458	317.652	281.434	286.889	278.466	283.092	296.201	265.022	272.462	273.831	274.442	253.179	268.639	239.53	267.131	251.793	268.27	268.887	254.574	258.547	252.969	240.124	237.221	227.082	231.479	245.896	238.906	223.26	208.837	222.686	222.216	244.658	227.408	224.686	239.961	195.948	213.681	207.31	227.744	188.129	179.413	211.517	178.881	194.417	209.703	176.589	187.263	196.323	201.601	197.743	189.033	175.896	167.839	186.113
4.68E-07	99.8643	82.2559	87.5304	74.5386	102.746	116.626	103.507	133.044	125.932	126.194	143.637	132.889	131.372	130.155	130.416	140.18	137.704	131.944	150.005	145.655	162.924	181.027	180.792	172.805	188.342	184.425	187.588	200.797	190.364	202.509	182.821	201.794	205.825	232.376	217.912	235.335	229.312	230.191	239.46	245.149	258.568	256.016	264.465	259.579	252.302	246.342	267.578	258.869	271.817	263.173	281.568	299.173	261.203	302.109	256.984	289.976	272.092	292.164	273.096	274.481	257.957	286.655	273.34	289.034	284.873	266.176	280.315	281.74	281.09	282.103	266.01	291.509	269.059	274.68	271.728	289.32	291.339	254.84	304.666	273.229	252.557	263.524	289.319	281.452	276.369	282.071	251.305	245.62	253.341	280.591	251.035	266.952	266.853	262.715	262.04	253.436	275.018	256.24	211.949	245.022	237.249	230.437	251.454	229.923	233.11	226.334	219.18	232.929	226.37	226.681	223.692	221.032	225.73	230.731	206.55	204.743	209.724	208.815	201.945	187.25	210.28	202.416	209.815	192.926	201.996	207.178	178.705	195.234	188.42	171.557	157.122	170.259	180.805	178.64	172.852	178.326	176.124	175.097	194.877	157.074	179.545	157.941	152.378	164.467	150.511	156.742	168.619	151.945	154.46	156.7	136.937	145.176	149.803	144.051	150.011	162.667
4.90E-07	75.2786	68.0819	60.1062	65.3847	69.5577	81.2724	83.0801	100.185	89.6248	89.5717	108.836	107.252	91.0196	97.0566	104.982	92.919	89.2379	101.89	106.428	110.544	110.81	135.463	123.705	123.24	129.132	117.021	139.404	141.665	130.369	141.628	116.209	134.914	155.389	142.671	162.39	167.616	176.297	177.459	164.102	181.653	195.947	179.537	179.762	195.273	172.251	174.852	192.05	184.862	197.797	186.947	183.908	204.793	187.227	207.617	197.499	207.47	208.882	213.414	208.092	183.708	188.165	194.859	214.509	218.132	214.526	206.211	186.683	219.656	217.511	198.355	203.385	207.157	197.163	213.569	203.72	223.144	210.999	210.772	226.152	207.489	194.94	191.844	228.254	213.886	191.27	204.262	188.701	167.078	194.888	190.912	198.235	205.346	204.707	202.236	205.05	187.171	201.701	203.633	167.48	193.767	191.965	171.681	175.524	165.728	190.305	197.839	171.576	171.813	176.362	168.2	162.995	165.924	166.496	193.282	153.842	154.093	178.86	165.433	158.68	146.024	157.476	151.565	148.954	156.172	171.475	139.351	132.524	157.564	142.514	144.057	135.961	129.816	144.962	144.02	128.997	141.756	117.421	133.664	139.888	135.935	129.842	115.677	125.922	127.801	113.045	96.1435	121.49	116.202	122.825	120.15	100.1	112.537	103.386	118.117	111.409	119.463
5.13E-07	55.0114	53.9883	57.6047	51.1828	55.8538	45.413	82.9375	57.7359	72.0381	64.6025	78.7067	71.7481	77.3302	76.3526	65.8717	71.4181	61.8347	58.7007	86.9805	73.04	74.7672	91.1498	109.755	95.3691	77.5628	89.0104	95.4944	106.38	96.9046	92.4319	88.6138	84.3497	113.065	94.4967	125.12	123.18	115.355	119.099	123.813	110.982	123.623	130.603	131.573	124.587	119.82	133.715	114.882	140.622	142.592	113.884	149.889	150.043	158.342	166.837	148.912	136.506	158.937	141.127	144.221	131.092	150.584	142.361	147.098	141.753	156.817	157.412	157.77	151.519	144.456	146.661	155.005	142.046	165.998	160.581	137.076	147.015	158.8	156.436	145.043	145.676	155.204	140.386	151.902	165.699	148.464	143.945	129.661	134.894	145.598	127.791	140.576	152.29	140.4	147.32	127.724	139.21	125.959	134.377	124.789	130.377	133.668	129.956	129.106	131.91	136.995	119.651	128.225	122.752	124.388	118.729	123.769	127.824	129.895	143.807	99.6011	136.827	151.956	111.623	109.246	116.666	120.479	82.2828	104.319	110.923	117.69	98.5743	104.226	109.121	85.222	123.425	97.4763	113.37	101.133	110.831	110.361	91.0437	107.402	96.0798	108.252	88.2732	96.8584	95.5036	93.153	94.8919	83.5849	106.873	80.2137	87.612	81.1882	90.4393	89.6389	72.6744	79.7892	80.8966	99.967	72.3668
5.37E-07	45.4169	33.8891	36.3176	46.7643	43.419	55.6267	48.7641	51.2519	54.0964	44.0216	45.6323	58.7783	57.0545	53.3392	43.5063	51.3678	44.5694	53.2075	52.7495	65.0627	61.0245	61.4714	74.1361	64.0008	66.537	70.5408	66.7303	66.9453	60.1248	73.2708	56.2012	62.1524	68.1471	61.315	80.8612	80.8382	84.2355	74.9887	88.1372	87.653	90.9232	90.4157	91.7212	96.1451	68.9934	80.9366	80.1601	105.575	88.9109	107.568	105.111	108.805	80.0349	97.3864	105.223	103.2	90.7277	98.0779	95.3656	94.6114	107.823	87.5149	104.3	104.06	121.916	117.881	104.204	112.883	101.327	107.368	105.873	111.193	113.708	121.872	99.7853	105.487	103.043	129.017	111.325	117.502	111.701	113.65	109.73	117.716	90.8902	98.2088	96.5211	101.143	110.311	99.7072	102.442	100.911	99.1558	98.1568	108.841	92.6776	112.259	103.098	93.7326	105.22	92.7284	81.9303	89.62	91.6756	104.518	95.9787	101.355	96.8744	86.6527	97.9149	85.5302	96.0138	85.7102	93.277	86.8148	81.7368	90.2299	79.6404	87.3178	79.051	88.4206	92.7398	91.6847	84.4022	91.785	68.6965	79.719	83.7417	76.0283	76.2851	65.6524	74.0795	62.42	85.0267	75.4655	69.4459	72.4318	75.1868	72.0635	70.7863	63.4798	76.734	66.0283	64.5413	73.5957	72.0289	58.7165	59.6467	77.102	80.686	62.721	64.721	57.3834	59.2135	65.9462	59.752
5.62E-07	26.8874	28.0138	19.3432	28.4468	34.7306	40.0519	45.5568	41.3037	35.6602	42.785	34.645	48.7759	37.4332	29.071	33.8234	38.5808	39.3798	37.3161	38.9022	50.0748	50.0354	45.1752	46.6017	39.9153	48.8055	43.3404	44.9153	48.2336	44.1265	48.4631	40.8006	49.2514	55.3378	50.3908	60.9668	51.4843	59.4847	65.2451	63.6519	62.3128	64.3417	57.176	63.7879	55.8141	54.8874	55.1079	60.5734	57.6568	68.5398	64.8723	72.5505	70.035	59.2229	79.6012	68.0193	62.0578	91.209	71.2275	64.6941	70.9001	66.471	72.9632	76.2143	80.3742	85.1627	79.173	82.9272	88.4072	84.9373	77.5463	71.0747	73.0952	75.3849	73.5583	69.7199	69.3834	79.4725	77.3512	70.8722	76.7776	76.3886	72.0411	79.5669	77.6068	75.7835	75.5554	69.0803	68.6235	68.0295	61.8166	61.4941	66.5399	82.7437	77.3789	74.5517	77.6319	77.0203	71.1224	75.5672	63.6874	58.3494	56.0424	63.2645	68.386	59.2991	61.7947	62.2748	79.8381	60.0989	63.3057	70.9168	66.8327	66.622	69.589	59.9747	64.1535	61.7821	63.6858	56.9986	68.1962	76.5706	65.5008	54.6022	62.5898	59.2491	63.1088	62.4097	50.4069	48.6572	49.9407	50.0576	59.0402	56.8289	52.8236	58.4025	62.07	49.6915	51.0794	60.362	53.2054	51.8815	49.2798	46.8555	44.2208	42.7087	53.8701	43.0837	51.6545	44.2152	44.4857	46.8264	44.7298	51.4805	33.471	50.2853	48.3503
5.89E-07	19.0074	18.0055	15.5889	19.0074	26.7283	21.1976	41.0194	33.4968	32.7167	30.7935	29.7903	38.7111	30.8922	29.8743	20.1277	32.9328	31.607	36.4845	34.3114	36.0249	44.6972	31.6056	40.1547	35.7609	41.0125	31.0458	31.2089	28.43	30.9736	26.4239	39.5323	43.1502	29.8828	30.3102	39.2373	39.323	55.4732	39.0671	57.6759	41.7097	47.2811	44.7546	34.0373	33.8995	36.0074	40.4317	46.6319	40.4419	47.5516	45.1364	48.9221	42.6421	46.0668	49.7345	46.2248	45.5	58.827	35.1153	39.9041	47.6329	58.8098	48.686	55.9186	48.7975	52.8541	59.9752	52.3614	53.2462	48.595	51.554	46.0788	49.9876	39.8886	51.1281	53.9581	48.0808	52.594	47.849	48.0475	45.5618	57.6371	57.576	47.1976	46.9714	51.3409	52.2811	42.0435	50.4014	52.8296	44.1351	55.7246	47.6545	52.2069	49.83	56.594	55.2923	56.1895	48.0646	49.2377	38.4627	42.8106	37.4197	39.8817	56.6238	51.7392	41.2286	47.8591	54.0629	42.0424	37.8693	45.5568	47.1037	46.217	41.9461	46.283	47.9616	37.1513	41.1235	45.818	46.3782	42.3817	50.0129	40.0369	41.9659	35.1258	44.1277	42.4573	41.0506	31.559	33.3005	43.5376	33.2194	36.2388	26.6184	33.8037	35.5567	42.4826	38.4775	41.4461	40.3916	34.8715	38.6778	39.842	25.5773	46.2189	39.3304	25.5967	30.9236	34.1976	28.1347	38.8125	31.6506	30.4236	33.2516	38.4204	40.7395
6.17E-07	20.7092	15.1304	10.5081	19.508	20.4474	27.9999	27.3034	34.7202	19.4474	20.6649	27.4756	25.3141	18.7463	29.9908	16.895	17.0195	25.7451	21.88	21.9301	19.2266	25.5023	30.686	26.9037	22.0486	27.9036	26.3453	20.9123	25.2623	21.9406	21.714	14.1217	23.6856	22.5986	31.8045	30.4826	21.6591	37.7732	39.2236	23.558	21.0369	24.9763	24.0507	25.3512	27.6557	20.6919	34.6976	32.209	35.1023	25.1321	38.5432	36.2117	36.1233	35.2606	39.4652	30.2269	25.2789	26.0043	23.9734	27.7584	27.3617	28.1056	32.9849	28.4757	39.5523	36.7082	43.9895	34.9824	45.8015	40.5011	23.6591	29.9941	40.5644	35.0299	32.9676	40.8476	34.4415	34.5512	37.286	34.2723	38.0219	33.7141	30.966	21.188	45.3362	34.0267	34.1615	30.6326	38.0224	35.7687	30.6047	30.153	37.9559	35.9987	38.3511	35.2104	36.1219	45.606	36.3921	25.1524	39.5955	41.9912	25.5778	27.2606	31.302	25.0917	33.816	32.1793	33.0801	36.6326	28.8396	29.3453	34.3092	29.6148	27.6886	31.6653	16.5808	33.5545	25.8684	27.6269	19.8045	26.9479	25.9349	37.121	34.8396	30.4445	27.9243	25.3217	32.7957	17.4754	19.7231	29.5258	20.8652	23.9301	28.8724	22.4441	30.163	18.444	17.8266	18.5139	26.9347	26.6119	27.1186	26.6326	23.5259	22.351	34.9036	24.1452	23.8665	23.9136	27.8313	22.572	22.0489	29.3689	29.9642	22.8313	22.8593
6.46E-07	16.6615	12.4211	10.1595	20.6866	22.2465	24.9715	22.5754	16.0388	19.6535	18.9625	16.7625	14.1065	19.9625	20.4017	19.1587	15.0569	18.4633	19.8884	20.512	20.5647	21.0569	22.4892	19.3186	25.4017	20.1259	21.1448	23.9293	23.4918	15.122	15.6599	19.7949	25.4901	24.8462	29.3048	22.6762	21.9155	24.7379	21.6918	21.0998	23.4302	28.6923	25.8337	19.5664	20.2189	14.1401	25.9943	24.218	29.2604	29.6746	26.4193	28.8371	23.6888	24.0104	30.2655	15.5418	22.434	30.8751	15.0935	17.1634	20.0957	25.3949	23.6633	18.7207	27.8405	24.8376	25.0103	24.9862	24.5897	28.6427	21.2712	25.0375	22.6819	26.0725	19.5474	27.0289	27.7475	21.9914	25.1751	22.7715	30.9021	26.866	24.2126	24.8884	29.2768	26.7186	27.6798	20.3242	19.7259	21.1414	19.3315	23.6729	21.9168	23.1703	29.3789	25.0108	26.4392	23.1979	21.6861	18.6414	20.9625	19.4074	18.8371	18.1453	25.9469	21.3983	30.2331	20.1129	23.2958	22.8199	20.3305	22.3927	24.0845	28.2958	18.4155	17.2849	25.9065	18.8694	20.1457	19.1789	17.7806	11.5361	22.478	24.0883	21.934	15.669	21.9943	24.3789	14.338	19.1557	17.4586	14.4815	16.885	17.7327	15.2142	18.9112	16.5647	17.3628	18.2776	15.538	20.2245	9.57678	16.3737	18.0104	11.8603	15.065	19	19.4444	9.77494	23.7625	19.6819	17.4074	18.0142	13.3186	16.0844	12.547	15.8337
6.76E-07	15.1198	11.1074	9.48971	19.5903	19.3341	23.5344	22.3623	16.0227	16.3383	17.0689	19.9704	17.1254	17.5523	9.5379	16.0745	14.1591	17.4587	14.9704	21.6289	17.1316	15.8781	21.2598	18.905	15.7135	16.1275	19.8547	12.383	19.5482	13.8292	16.1935	13.8347	18.6329	19.5641	18.3843	15.4966	19.9457	19.0089	14.584	23.9538	15.7432	13.2831	13.8843	15.2934	11.5964	11.8781	20.8829	15.071	16.7728	19.2087	16.1054	16.4662	19.6984	17.1481	27.425	15.2666	18.2522	13.7701	17.2638	13.1688	14.4319	20.8781	18.2238	21.7666	19.8932	18.737	13.9546	19.841	21.0779	15.9856	20.5242	20.1013	18.2625	16.4869	17.5538	18.7804	17.737	23.6192	22.5923	11.6557	17.5248	14.2046	16.1295	15.0778	20.2742	14.5062	16.6116	14.7129	17.2769	14.7135	17.9319	15.2226	17.1178	18.4401	19.7432	17.7391	13.6095	13.2713	19.2996	15.4457	11.8251	14.2191	9.52408	19.5035	14.3864	14.4353	19.5826	21.9931	16.9064	13.7232	21.5661	17.2431	13.7018	17.5779	17.4945	18.0138	16.2473	11.9498	11.2728	16.4319	14.4126	12.8768	15.3265	21.4443	11.971	14.1653	16.8354	17.1895	12.5062	8.86499	14.2666	9.40225	11.0703	13.2177	13.6254	14.5523	16.237	14.2645	13.5241	11.1935	11.821	9.59228	12.2804	11.8547	8.82028	13.4945	11.6061	12.2231	8.0778	10.4504	17.0972	11.0434	17.6674	9.28306	13.6598	4.94215	10.5165
7.08E-07	8.81789	7.28674	10.846	10.0166	15.4845	24.6236	12.5682	20.5891	14.5643	14.5229	20	11.7502	19.8008	17.7504	15.4796	9.92956	15.6307	16.2747	18.7169	19.5098	14.1448	18.2683	11.9213	10.5933	11.2149	15.0996	14.8086	11.0913	11.6929	8.89641	10.498	16.5851	16.8349	13.5933	7.77508	17.9464	17.6598	10.2493	12.7843	12.207	10.1618	15.5895	10.0963	5.30663	11.9456	16.4859	11.8368	18.0833	11.7303	11.7916	9.05942	18.0783	11.3236	16.3154	7.74242	10.3892	10.1356	12.8096	18.401	8.81789	10.328	10.6598	19.4514	15.0341	17.3518	8.63075	13.2532	12.2109	10.2444	14.2984	11.2283	12.4514	11.7221	13.8125	10.8951	15.6385	16.0864	15.1578	10.709	13.0622	10.9534	14.4436	12.9004	7.90432	6.75943	9.79681	10.9175	11.8046	9.40624	17.1526	12.0783	10.3208	14.9416	12.7925	15.0157	11.6716	9.1992	13.5976	17.0065	8	5.00385	7.28674	12.7755	18.3811	13.4812	10.9465	8.58108	15.9054	9.99177	13.7424	9.39841	11.9456	15.0552	5.19522	13.5311	11.705	15.7795	9.31445	12.6187	11.4062	6.84202	8.59337	8.28564	5.64776	8.49801	9.65983	10.705	13.0501	10.8509	10.344	8.13274	10.1244	15.3821	8.63075	7.79681	12.5311	5.53402	6.59761	6.59761	7.00783	6.65983	13.5924	12.502	10.0211	9.48594	6.89217	11.3863	6.8008	8.6468	7.04905	12.6468	4.16566	10.6638	3.79681	6.60159	7.52284
7.41E-07	11.9931	9.82683	6	11.5799	10.5972	16.4804	11.5513	13	9.4931	8.27043	10.7704	8.67283	10.6446	10.3333	11.1901	4.51698	15.8676	18.5687	15.7574	15.7531	18.3568	11.0343	15.3742	6.66013	9.16667	11.9371	15.7531	12.2466	8.16013	6.8395	7.10376	12	16.8611	11.1034	7.79393	17.7443	11	14.7639	7.77043	8.43709	9.83333	5.8268	10.1771	10.5	9.93706	10.4935	7.08642	16.8611	7.7639	13.3804	11.6471	12.7874	5.85684	9.26389	9.43709	13.2075	10.9371	6.16013	3	12.2809	7.99347	10.9432	16.5	11.6536	9.93706	6.37381	10.6663	12.6667	9.58641	8.18364	12.7466	5.33333	10.5	8.83333	13.2704	11.017	10.1667	8.33333	13.2531	9.25308	8.33333	6.91975	9.3395	9.42403	8.66667	8.12726	6.1536	4.77043	6.93709	7.91975	8.7874	10.7335	10.8395	9.57988	8.27043	16.4371	9.5	4.66667	5.17283	8.77043	12.4371	8.35031	7.74655	9.91325	7.43056	6.99347	6.50617	7.64707	4.91322	17.1667	4.16667	13.8333	8.41096	6.25308	7.41321	3.66667	5.99347	8.83333	9.71795	12	9.75308	9.9935	9.17283	9.49347	4.16667	12.5409	3.08642	11.6836	6.66013	4.25308	5.16013	5.27043	3.1536	12.4306	7.10376	7.8268	8.66667	4	7.33333	6.33333	5.5	6.33333	7.33333	4.25736	5.74655	3.49347	8.3268	8	9.33333	10.2531	4.5	4.27043	6	7.5	7.54085	4.5
7.76E-07	8.11111	5.69156	5.10714	12.9793	14.204	7.69156	11.3186	7.10714	8.55753	7.57415	7.81928	7.00396	12.9692	5.66071	6.41542	4.93815	13.6889	13.222	11.1586	18.3185	17.3846	12.4567	10.3805	8.32143	13.6607	10.2219	11.0864	9.50198	8.125	6.89682	6.02058	10.5714	11.2246	10.1317	8.94574	13.7755	9.01299	9.11473	9.12772	6.98974	10.7857	5.55357	5.38458	3.69156	9.11473	4.89286	13.8413	10.9795	14.8826	9.76914	6.21429	13.16	8.72386	7.54331	8.43616	7.78305	6.98974	4.78571	5.23214	10.9587	7.66071	11.5473	8.55357	11.5536	9.56116	10.5549	8.12896	6.69156	7.05555	6.93815	6.1627	3.78571	8.04383	4.78571	9.65047	8.04532	7.58442	9.10714	9.50198	12.0864	8.66071	8.82342	11.004	5.88259	6.10714	8.5123	4	5.43616	5.66831	6.60912	9.85159	8.19354	7.77183	7.60912	8.66831	5.43616	7	7.10714	4.66468	3.54331	6.43616	8.38458	8.84126	6.84127	6.98974	3.44643	10.1419	4.69156	5.05555	6.66071	4.10714	6.21429	6.88259	4.37698	6.19354	4.23214	2.44643	2.55357	10.0735	4.76786	6.71627	8.92371	7.77183	7.10714	5.24513	5.65805	3.05555	6.39757	1.44643	3.71627	2.44643	7.09688	7.6737	6.54331	5.12772	6.57143	5.45942	5.33929	4	5.32143	3	5.03084	3.35227	4.88259	4.1627	4.76786	2.78571	3	5.10714	6.50198	4.76786	5.11473	5.55357	4.55357	5.21162	2.89286
8.13E-07	6.24905	6.10561	1.77586	11.1526	7.03448	15.5194	8.37024	8.96552	9.47319	10.4418	10.1767	8.1025	8.48276	9.18966	7.60083	2.38315	9.54527	8.25217	14.4354	20.3767	15.0125	11.1056	9.98709	6.48276	12.7414	11.7414	7.41117	6.15901	6.81034	7.24905	10.1832	11.6638	4.88147	8.72536	13.09	7.69828	7.95906	9.88793	9.95905	7.22414	7.06897	6.48276	3.38315	6.70044	8.77586	9.7069	11.4176	8.48276	8.81034	6.50768	6.96552	8.41763	10.6073	6.48276	6.25862	5.81034	5	6.25862	6.51724	10.7129	4.51724	8.24905	9.85345	10.2586	12	9.87836	6.43009	8.95906	5.75384	6.2366	3.75384	3.03448	7.21122	8.11207	6.74138	6.60729	6.51078	10.9655	6.90039	8.41117	7	5.12453	4.31802	3.51724	3.51724	2.89393	3.25862	7.7069	7.37069	3.64177	7.74738	7.85945	5.73181	9.09005	4.06897	4	7	3.77586	4.1025	3.96552	3.51724	3.41763	7.15901	6.64177	4.25862	6.22414	8.87191	4.36423	3.38315	3.88793	7.44828	4.37069	5.25862	2.34867	3.63531	4.77586	5.22414	5.33621	7.63531	5.7069	4.12453	7.65734	4.24905	6.74138	3.25216	2.77586	3.2366	4.82497	3.48276	2.60729	1.88793	5.48276	2.73492	6.96552	2.99354	6.55172	5.70044	4.40517	2.88793	3.48276	5.22414	3.02803	1.73492	4	1.38315	3.85345	5	3.74138	4	5.38315	3.11207	4.40517	2.77586	4	2.51724	2.51724
8.51E-07	0	0	0	0	0	0	0	0	0	0	0	0	0	0	0	0	0	0	0	0	0	0	0	0	0	0	0	0	0	0	0	0	0	0	0	0	0	0	0	0	0	0	0	0	0	0	0	0	0	0	0	0	0	0	0	0	0	0	0	0	0	0	0	0	0	0	0	0	0	0	0	0	0	0	0	0	0	0	0	0	0	0	0	0	0	0	0	0	0	0	0	0	0	0	0	0	0	0	0	0	0	0	0	0	0	0	0	0	0	0	0	0	0	0	0	0	0	0	0	0	0	0	0	0	0	0	0	0	0	0	0	0	0	0	0	0	0	0	0	0	0	0	0	0	0	0	0	0	0	0	0	0	0	0	0	0
8.91E-07	0	0	0	0	0	0	0	0	0	0	0	0	0	0	0	0	0	0	0	0	0	0	0	0	0	0	0	0	0	0	0	0	0	0	0	0	0	0	0	0	0	0	0	0	0	0	0	0	0	0	0	0	0	0	0	0	0	0	0	0	0	0	0	0	0	0	0	0	0	0	0	0	0	0	0	0	0	0	0	0	0	0	0	0	0	0	0	0	0	0	0	0	0	0	0	0	0	0	0	0	0	0	0	0	0	0	0	0	0	0	0	0	0	0	0	0	0	0	0	0	0	0	0	0	0	0	0	0	0	0	0	0	0	0	0	0	0	0	0	0	0	0	0	0	0	0	0	0	0	0	0	0	0	0	0	0
9.33E-07	0	0	0	0	0	0	0	0	0	0	0	0	0	0	0	0	0	0	0	0	0	0	0	0	0	0	0	0	0	0	0	0	0	0	0	0	0	0	0	0	0	0	0	0	0	0	0	0	0	0	0	0	0	0	0	0	0	0	0	0	0	0	0	0	0	0	0	0	0	0	0	0	0	0	0	0	0	0	0	0	0	0	0	0	0	0	0	0	0	0	0	0	0	0	0	0	0	0	0	0	0	0	0	0	0	0	0	0	0	0	0	0	0	0	0	0	0	0	0	0	0	0	0	0	0	0	0	0	0	0	0	0	0	0	0	0	0	0	0	0	0	0	0	0	0	0	0	0	0	0	0	0	0	0	0	0
9.77E-07	0	0	0	0	0	0	0	0	0	0	0	0	0	0	0	0	0	0	0	0	0	0	0	0	0	0	0	0	0	0	0	0	0	0	0	0	0	0	0	0	0	0	0	0	0	0	0	0	0	0	0	0	0	0	0	0	0	0	0	0	0	0	0	0	0	0	0	0	0	0	0	0	0	0	0	0	0	0	0	0	0	0	0	0	0	0	0	0	0	0	0	0	0	0	0	0	0	0	0	0	0	0	0	0	0	0	0	0	0	0	0	0	0	0	0	0	0	0	0	0	0	0	0	0	0	0	0	0	0	0	0	0	0	0	0	0	0	0	0	0	0	0	0	0	0	0	0	0	0	0	0	0	0	0	0	0
