1.02E-08	0	0	0	0	0	0	0	0	0	0	0	0	0	0	0	0	0	0	0	0	0	0	0	0	0	0	0	0	0	0	0	0	0	0	0	0	0	0	0	0	0	0	0	0	0	0	0	0	0
1.07E-08	0	0	0	0	0	0	0	0	0	0	0	0	0	0	0	0	0	0	0	0	0	0	0	0	0	0	0	0	0	0	0	0	0	0	0	0	0	0	0	0	0	0	0	0	0	0	0	0	0
1.12E-08	0	0	0	0	0	0	0	0	0	0	0	0	0	0	0	0	0	0	0	0	0	0	0	0	0	0	0	0	0	0	0	0	0	0	0	0	0	0	0	0	0	0	0	0	0	0	0	0	0
1.17E-08	0	0	0	0	0	0	0	0	0	0	0	0	0	0	0	0	0	0	0	0	0	0	0	0	0	0	0	0	0	0	0	0	0	0	0	0	0	0	0	0	0	0	0	0	0	0	0	0	0
1.23E-08	0	0	0	0	0	0	0	0	0	0	0	0	0	0	0	0	0	0	0	0	0	0	0	0	0	0	0	0	0	0	0	0	0	0	0	0	0	0	0	0	0	0	0	0	0	0	0	0	0
1.29E-08	0	0	0	0	0	0	0	0	0	0	0	0	0	0	0	0	0	0	0	0	0	0	0	0	0	0	0	0	0	0	0	0	0	0	0	0	0	0	0	0	0	0	0	0	0	0	0	0	0
1.35E-08	0	0	0	0	0	0	0	0	0	0	0	0	0	0	0	0	0	0	0	0	0	0	0	0	0	0	0	0	0	0	0	0	0	0	0	0	0	0	0	0	0	0	0	0	0	0	0	0	0
1.41E-08	10.8993	7	2	1	0	1	2	0.899284	0	3.33E-15	0	0	0	2	1	2	1	3.33E-15	0	0	0	0	1	0.899284	2.75E-15	0	0	1	1	0	0	0	0	1	0	3.33E-15	0	0	1	0	0.47344	1	1	1	0	1	3.33E-15	0	1
1.48E-08	5	3.6	3.8	0.565118	0.4	0.6	0.66254	1.8	0.8	0.6	0	0	0	0.6	0.6	1.2	0.8	0.6	0	0	0	0.8	0.4	0	0.565118	0	0	0.4	0	0	0	0	0	0	0	0.6	0	0.4	0.6	0	1.51594	0.6	0	0.6	0	0	0.6	0	0
1.55E-08	7.66667	6.66667	3.30992	0.724804	1	1.33333	1.28122	0	2	1.33333	0	0	0	0.666667	0	0	0.666667	0	0	0	0.666667	0.666667	0.333333	0	0.058137	0	0	1	0	0	0	0	0	0	0	0	0	0.333333	0	0	0	0.309921	0	0	0.666667	0	0	0	0
1.62E-08	9.83333	7	2.52341	1	1	0.333333	2.80727	0.833333	0.333333	0.333333	0	0	0	1	0	0	0	0	0	0	0.166667	0	0.833333	0	0.833333	0	0	1	0	0	0	0	0	0	0	0	0	0	0	0	0.833333	1.35675	0.833333	0	0.166667	0.833333	0	0	0
1.70E-08	7	6.93306	4.21376	0.285714	0.571429	2.42857	2.42857	0	0.714286	0.285714	0.571429	0	0	0.285714	1.42857	1	0.714286	0.714286	0	0.714286	0	0.0708989	0	0	0	0	0.714286	0.714286	0.714286	0	0	0	0	0	0	0	0	0	0	0	0	0.714286	0	0	0	0	0	0	0
1.78E-08	13	11.9942	7.5	2	2	2	0.5	1	0.5	1.5	2	0	0	0.5	0	0.5	0	0.5	0.5	0.5	0	1.5	0	0	0	0	0	0	0	0	0	0	0	0	0	0	0	0	0	0	0	0	0	0	0.5	0	0	0	0.5
1.86E-08	17.5714	14.2148	5.78624	3	2	0.857143	1.42857	1.28571	0.285714	0.571429	0.571429	0.714286	0	0.714286	0.714286	0.714286	0	0.285714	0.285714	0.285714	1.42857	1.50053	0	0	0	0	0	0	0.714286	0	0	0	0	0	0	0	0	0	0	0	0.714286	0	0	0	0.285714	0	0	0	0.285714
1.95E-08	24	18	8	1	0	2	3	2	0	0	1	0	0	0	1	0	0	0	0	0	0	0	0	0	0	0	0	1	1	0	0	0	0	0	0	0	0	0	0	0	0	0	0	0	0	0	0	0	0
2.04E-08	38.2644	22.4342	12	4.86281	4.71429	2.57143	2.85714	2.28571	1.57143	0	0.285714	0.714286	1.57143	0.571429	0.285714	0	0	0	0	0	0	0.714286	0	0	0	0	0	0	0.285714	0.285714	0	0	0	0	0	0	0	0	0	0	0.285714	0	0	0	0	0	0	0	0
2.14E-08	51.624	41.6201	23.3027	8.92275	8.375	2.75	4.375	3	1.125	0.625	0.375	1.25	1.125	0.75	1	0	0.625	0	0.625	0.625	0	0	0	0	0	1.25	0	0	0.375	0.375	0	0	0	0	0	0	0	0	0	0	0.375	0	0	0	0	0	0	0	0
2.24E-08	56.3451	46.0519	24.0383	18.6843	9.25	4.625	5.75	4.75	1.75	1.875	1.75	0.25	0.875	3.5	2.75	0.875	0.125	0.875	1	1.875	0	0.875	0.875	0	0	0.25	0	0	0.875	0.875	0	0	0	0	0	0	0	0	0	0	0	0	0	0	0	0	0	0	0
2.34E-08	79.1617	56.0497	31.1068	14.7954	11.9602	9.9602	6.25	3.5	5.5	0.25	2.13448	0	1.125	2.5	1.75	1	0.25	0	0.875	0	0	1	0	0.125	0.210201	0.25	1	0	0.875	0	0	0	0	0	0	0	0	0	0	0	0	0	0	0	0	0	0	0	0.125
2.45E-08	128.903	92.1781	66.0191	38.096	23.1596	15.938	13.6678	7.00055	8.11111	1.55556	2.56398	2.22277	2	4.66722	1.33333	2.33333	2.44444	1.33333	0.444444	0	0.444444	0.555556	0	0.555556	0.492444	2	0.555556	0	0.444444	0	0	0	0	0	0	0	0	0	0	0	0	0	0	0	0	0	0	0	0.555556
2.57E-08	191.872	113.096	86.3381	51.382	27.6521	25.1583	19.6896	13.9993	9.24653	1.77778	4.31648	7.33264	2	6.8882	5.24653	1.66667	2.22222	2.22222	1.69097	0.777778	2.55556	2.33333	0.777778	0.777778	0	1.22222	0	0.777778	1	0	0	0.777778	0	0	0	0	0	0	0	0	0.777778	0	0	0	0	0	0	0	0
2.69E-08	222.754	178.002	93.2779	69.2232	36.918	41.2232	30.8474	20	11.1116	10	12.7358	5	7	4	3.11161	4	3	7	1.84738	1	1	1	4	1	0	1	3	1	0	0	0	0	0	0	0	0	0	0	0	0	1	0	0	0	1	0	0	0	0
2.82E-08	321.908	229.353	136.389	94.1229	64.7109	56.6744	42.2014	33.2829	23.0249	9.11673	20.5764	14.6	10.3	8.79147	5.5	8.81673	6.4	4.58294	5.98495	2.79147	3.1	1.3	1.6	2.9	2.18294	1.2	2.4	1	0.3	2.1	0.3	0.3	0	0	0	0.7	0	0	0	0	0	0.7	0	0	0	0.7	0	0	0
2.95E-08	419.357	333.041	189.797	148.265	100.916	70.1368	70.2956	52.0609	41.2452	10.7537	25.3359	16.5582	18	14.9723	9.09091	11.4155	5.54545	6.21729	7.81818	6.33592	4.8309	4.75272	3.55817	5	4.67184	2.90909	1.01272	1.54545	1.54545	0.545455	0.454545	0.454545	0.545455	0	0.545455	0.545455	0.545455	0	0	0	0	0	0	0	0	0	0	0	0
3.09E-08	555.831	431.647	263.827	205.63	133.688	98.9504	98.2468	64.9738	62.8796	14.5924	27.8771	31.4631	25.1143	16.9006	10.0909	14.3574	13.3636	12.98	10.4106	9.12638	6.3488	9.42486	9.46315	8.27273	3.6164	4.45455	5.64498	6.90909	2	0.181818	3.27273	0.818182	1	1.3871	0.181818	0.181818	0.181818	0	1.63636	0	0	0	0	0.818182	0	0	1.63636	0.818182	0
3.24E-08	762.322	555.294	359.655	269.688	191.321	165.077	125.43	105.516	82.4595	43.5999	55.867	40.9309	37.3	33.7488	46.0103	16.4488	26.0103	26.5565	19.6565	12.4821	11.5282	7.80799	13.4027	7.04611	4.83333	7.66667	10.0873	2.5	2.5461	0.666667	1.5	1.33333	0	0.420546	2.16667	0.166667	0.833333	2.16667	1.83333	1	0.333333	0	0.833333	0.166667	0	0.166667	0	0	0.166667
3.39E-08	983.48	728.824	491.741	371.159	293.119	225.797	179.98	138.625	112.371	57.9852	87.6252	64.231	44.4926	49.2113	45.8856	38.7127	33.0402	34.5086	25.7442	21.2321	16.546	16.9924	16.2381	16.5759	9.41667	10.5833	9	5.41667	3.56987	4.41667	3.33937	4.25	0.833333	1.83333	2.58333	0.583333	0.416667	2.16667	1.83333	0.583333	2.83333	1.4227	0.416667	1.41667	0.416667	0.583333	0.172706	0.833333	1
3.55E-08	1260.07	924.345	648.005	485.677	357.531	309.868	250.786	190.237	155.987	96.5788	112.997	107.162	69.2871	66.1701	65.3372	50.4804	43.43	51.4412	35.2384	34.7159	31.3987	18.3626	24.412	23.5179	20.3846	16.0675	9.61067	13.9811	11.6773	5.69231	3.83586	5.30769	3.38462	1.61538	0.615385	5.53846	3.07692	4.46154	3.69231	0	2.61538	3.53289	1	2.69231	2.38462	1.38462	3.30212	3.30298	0.307692
3.72E-08	1585.34	1185.45	807.875	641.114	531.228	419.171	349.226	271.996	256.764	125.115	177.821	156.764	140.823	104.467	102.702	87.2343	81.4098	68.1163	53.5278	57.2358	52.0587	50.8805	32.587	27.4098	27.2935	26.2358	23.1179	25.4717	14.8228	4	9.11792	9.2935	12.2935	6.2935	7.2935	10	10.2935	6	6	6	4	5	2	3	2	5	1	2.41142	3
3.89E-08	1987.76	1540.33	1135.29	878.286	716.412	566.588	449.599	380.491	320.313	198.757	244.811	211.277	161.021	154.692	129.937	130.578	114.739	95.992	79.7443	87.571	70.4226	69.0271	62.3046	55.9614	41.637	33.9702	40.9232	35	29.0235	23.7838	20.5206	18.2514	10.9019	12.9848	12.1532	6.1522	9.41898	13.7368	6.16841	7.2	6.53333	6.26667	4.53333	4	6	5.88552	3.8	3.78477	2.8
4.07E-08	2346.61	1911.06	1418.2	1129.91	906.606	737.59	628.281	533.463	422.978	280.904	338.856	290.349	242.336	210.265	202.382	182.367	161.751	137.691	113.444	113.938	97.8454	90.7053	81.5909	84.2834	67.6689	65.9299	54.1145	59.3377	45.5222	28.5845	23.9378	24.5845	18.0845	15.5845	19.3456	15.8455	17.5844	17.3534	14.2612	14	9	11.5845	6.5	8.5	6.58442	6.1767	6.5	8.5	7.08443
4.27E-08	2972.18	2343.32	1805.72	1520.77	1167.33	949.09	822.767	666.22	592.354	400.487	461.867	383.054	352.418	296.516	290.583	242.037	204.256	196.987	172.609	167.004	131.732	136.87	119.254	97.792	111.637	83.0165	72.3671	77.8601	67.8715	42.7287	36.7954	35.3428	39.1064	28.8318	36.1745	19.6048	19.9146	26.8222	27.4095	25	12.6	21.0761	20	16.4667	11.4984	12.8303	13.9333	8.95553	13.7873
4.47E-08	3576.08	2814.2	2253.22	1841.79	1543.35	1282.05	1043.74	876.993	816.793	516.964	567.682	492.236	451.432	402.242	370.054	318.483	275.844	271.976	221.634	208.088	200.578	181.455	170.935	153.636	144.784	129.679	120.132	123.049	89.5911	64.3689	63.3517	64.5509	49.8472	36.52	42.9197	40.6189	37.2546	38.395	27.3163	30.9367	21.4413	24.9891	19.875	22.6296	27.5355	16.8334	19.4321	22.6558	19.4167
4.68E-08	4277.14	3507.21	2762.8	2307.14	1909.27	1543.71	1383.38	1096.12	978.678	754.366	751.212	649.256	591.898	551.339	500.391	456.908	419.597	401.759	338.479	284.832	265.975	241.134	237.166	212.042	196.215	179.185	148.764	150.21	130.509	99.8461	86.3415	83.0315	82.7752	68.3124	72.3399	63.8461	65.6972	57.9519	47.9484	45.4376	49.7056	40.4099	29.8748	37.5848	34.1629	32.9924	38.3083	34.9083	25.1101
4.90E-08	5151.25	4237.92	3444.2	2762.68	2373.67	1960.51	1684.32	1447.73	1245.08	990.293	1050.25	830.549	749.334	736.816	640.516	619.249	536.87	491.513	433.704	377.389	376.344	316.277	305.408	256.101	271.289	239.384	235.197	191.335	200.007	142.309	115.168	117.669	118.975	89.6612	88.65	86.591	80.18	77.6655	78.2355	73.7979	74.9065	69.9774	51.1577	51.9544	45.5656	48.8244	54.9033	42.9699	47.7733
5.13E-08	5977.6	4984.58	4137.63	3283.06	2896.35	2414.21	2103.03	1797.82	1602.13	1298.45	1298.39	1183.85	989.911	974.97	933.086	776.813	730.772	651.524	593.477	481.817	466.407	413.892	394.821	370.015	349.164	302.009	308.378	266.902	267.116	196.964	191.016	173.299	144.284	161.118	115.208	133.865	130.963	118.352	117.184	106.558	91.9176	85.7822	95.5844	92.2636	88.1539	76.6122	60.8317	55.7409	58.4857
5.37E-08	6904.29	5740.96	4830.64	4205.27	3470.65	2975.6	2649.76	2289.05	2004.95	1552.16	1605.82	1438.16	1302.22	1252.53	1062.67	977.73	900.611	832.561	752.345	711.488	661.243	611.748	544.618	519.282	444.743	439.413	410.995	361.145	343.062	272.867	267.052	246.132	229.123	196.004	201.672	166.956	159.945	156.681	128.349	121.812	122.369	127.031	124.989	116.046	111.395	100.115	100.358	85.7089	96.8225
5.62E-08	8119.16	6833.53	5633.98	4897.42	4208.63	3613.2	3131.23	2794.58	2524.06	2031.09	1992.51	1755.92	1609.88	1516.38	1338.38	1252.39	1239.41	1060.3	983.351	941.702	825.744	763.189	683.817	675.852	608.109	555.304	540.471	489.662	451.936	379.347	321.395	313.372	297.319	288.592	270.991	246.92	219.074	223.931	193.442	197.875	185.619	180.832	169.771	161.26	172.108	156.769	141.457	123.281	129.537
5.89E-08	9268.24	7906.78	6681.17	5874.27	4950.35	4380.29	3783.97	3354.83	3106.15	2470.82	2477.58	2186.48	1929.36	1829.83	1723.83	1569.26	1431.92	1290.57	1208.47	1165.74	1060.85	1029.88	887.171	885.22	813.572	715.917	682.882	645.092	589.995	517.811	424.684	440.971	422.494	364.156	357.98	337.835	298.253	313.618	267.994	275.962	267.813	250.168	233.902	219.122	202.686	204.167	214.874	187.546	164.053
6.17E-08	10566	9052.04	7694.77	6556.88	5829.37	5057.06	4426.78	4081.69	3594.14	3073.51	3000.52	2688.35	2387.2	2285.5	2158.23	1932.62	1781.52	1752.05	1519.53	1470.26	1301.77	1256.52	1152.87	1057.1	1004.59	912.635	867.553	883.442	854.694	636.181	644.646	594.185	542.253	497.038	483.385	430.266	412.532	405.364	367.197	318.193	349.123	366.133	332.584	306.431	314.46	266.868	251.397	225.034	231.688
6.46E-08	11923.6	10246.1	8562.01	7558.05	6630.93	6048.58	5330.51	4631.39	4236.13	3669.05	3537.38	3220.93	3000.44	2763.4	2477.9	2308.3	2153.28	2042.43	1840.5	1726.22	1574.81	1527.66	1501.62	1368.11	1256.27	1195.14	1089.51	1061.99	984.934	770.217	789.018	756.454	692.972	681.372	609.837	599.598	564.268	549.813	494.472	488.454	469.625	413.602	425.989	380.015	402.66	396.992	346.781	313.363	315.439
6.76E-08	12913.7	11446	9930.44	8670.17	7752.17	6912.18	6177.65	5512.85	4888.62	4391.09	4208.17	3738.01	3561.27	3366.77	3036.33	2845.34	2618.86	2520.19	2286.9	2059.59	1985.06	1876.93	1740.45	1603.39	1457.86	1452.75	1351.15	1334.71	1234.73	1045.48	980.107	929.397	866.516	873.875	773.236	791.239	716.315	690.506	679.92	623.582	616.975	553.378	531.994	519.649	510.764	482.355	475.91	446.109	444.809
7.08E-08	14523.5	12567.4	11124	9610.23	8706.76	7824.52	6982.96	6460.4	5856.24	5053.07	4893.59	4520.48	4094.98	3933.94	3564.32	3361.57	3241.87	2908.75	2748.6	2594.81	2321.42	2312.15	2142.39	1994.49	1841.74	1711.34	1673.59	1570.7	1503.79	1263.76	1277.58	1128.1	1184.51	1049.86	1039.88	954.103	918.539	813.448	800.406	789.23	770.073	750.058	722.803	691.175	662.369	629.971	614.663	536.628	577.365
7.41E-08	15541.5	13658.8	12220.1	10976.1	9738	8694.25	7742.3	7247.82	6472.98	5835.26	5565.46	5118.16	4753.1	4519.89	4063.14	3898.91	3650.44	3312.54	3167.95	2956.94	2771.83	2674.76	2588.91	2399.07	2292.32	2153.23	2007.39	1877.02	1771	1509.38	1547.97	1428.9	1329.21	1274.24	1178.72	1173.3	1155.51	1083.54	970.882	950.476	931.504	904.455	910.681	853.133	826.202	719.197	745.258	716.835	697.197
7.76E-08	17083.2	15264.2	13263.3	11958.8	10711.5	9912.79	8913.44	8182.85	7484.23	6791.18	6380.1	5969.8	5570.41	5202.76	4732.47	4537.1	4252.15	3917.27	3798.23	3491.4	3351.33	3144.39	2999.07	2811.97	2677.49	2517.72	2371.38	2256.44	2169.05	1925.37	1865.19	1754.31	1639.1	1622.08	1487.92	1432.22	1377.84	1340.71	1219.01	1238.79	1162.62	1100.7	1076.48	1065.17	973.559	993.992	946.847	882.052	874.153
8.13E-08	17978.3	16299.9	14640.3	13042.7	11799.6	10958.8	10073.4	9144.6	8356.9	7439.15	7261.43	6752.18	6340.76	5914.26	5431.76	5139.75	5038.01	4618.44	4308.38	4101.7	3771.83	3618.32	3469.93	3309.83	3181.23	2950.93	2888.29	2644.25	2595.77	2312.74	2223.91	2128.46	1947.47	1899.62	1836.98	1674.9	1693.72	1595.81	1478.42	1512.8	1494.43	1344.14	1294.32	1289.62	1256.79	1238.13	1139.14	1132.58	1102.41
8.51E-08	19544.9	17811.4	15830.6	14315.6	12784.5	11656.2	10907.1	9986.38	9198.7	8363.18	8060.1	7330.5	6917.93	6765.44	6257.11	5955.5	5532.55	5317.11	4974.34	4634.54	4371.95	4246.19	3822.46	3817.44	3697.74	3458.44	3276.71	3141.63	2886.6	2688.59	2617.35	2416.79	2445.09	2291.12	2221.72	1973.3	1976.23	1904.53	1901.82	1736.55	1714.07	1653.97	1547.24	1525.89	1491.67	1448.83	1289.06	1319.41	1289.02
8.91E-08	20151.3	18289.7	16777.4	15270.9	13669.9	12771.5	11780.7	10832.1	10194	9119.75	8822.24	8105.21	7846.22	7350	6916.43	6442.31	6250.55	5959.75	5431.01	5267.42	4904.2	4716.26	4411.07	4284.22	4062.08	3978.8	3755.87	3516.83	3380.14	3081.49	2991.4	2951.87	2749.98	2731.32	2452.86	2371.35	2281.46	2173.99	2199.07	2098.62	1986.79	1949.15	1900.31	1753.5	1720.34	1679.63	1613.9	1532.8	1524.74
9.33E-08	21122.8	18757.5	17581.5	15999.5	14709.9	13710	12500.2	11532.5	10837.7	9813.69	9648.04	8828.35	8338.77	8104.94	7536.54	7163.59	6893.74	6552.55	6121.73	5839.05	5490.3	5260.7	4962.7	4869.88	4654.26	4396.11	4129.05	4089.15	3858.28	3620.43	3423.59	3366.76	3184.72	3069.72	2918.23	2772.97	2638.79	2539.44	2539.98	2400.73	2340.8	2212.49	2202.53	2088.53	2035.02	1992.47	1828.79	1820.52	1792.59
9.77E-08	21822.8	20070.8	18436.3	16892.7	15609.2	14538.4	13505	12545.5	11687.2	10851.3	10381	9753.81	9112.93	8608.45	8235.21	7863.42	7631.03	7094.31	6611.56	6405.02	6143.25	5905.71	5739.04	5369.86	5111.38	4956.79	4535.94	4533.49	4332.08	4075.7	3923.18	3682.1	3666.73	3459.16	3276.63	3140.17	2964.73	2867.79	2716.67	2745.85	2756.12	2519.92	2513.31	2460.35	2293.78	2294.94	2218.73	2112.13	1995.73
1.02E-07	21874.7	20456.6	19181.5	17660.4	16178.7	15033.3	14099.6	13247.5	12140	11442.1	10849.7	10301.4	9728.56	9280.67	9024.49	8323.29	8000.96	7626.92	7050.96	6906.4	6605.95	6266.07	5998.92	5828.96	5629.55	5429.26	5167.89	4887.97	4520.61	4526.84	4279.57	4031.19	4054.98	3766.39	3779.79	3636.99	3395.8	3310.47	3206.96	3078.99	2951.92	2882.58	2825.48	2665.46	2650.84	2586.92	2441.77	2460.03	2290.7
1.07E-07	21793.3	20561.9	18667.8	17751.3	16635.1	15635.8	14824.3	13659.9	13208.2	11802.7	11241.8	10736.7	10269	9877.47	9636.68	8961.97	8623.05	8213.93	7704.59	7450.18	6997.9	6759.98	6542.78	6294.78	5956.91	5720.42	5459.68	5449.66	5134.66	4866.94	4607.91	4488.67	4369.37	4215.66	4000.08	3936.7	3799.55	3580.76	3530.37	3336.36	3268.88	3282.89	3179.9	2979.58	2981.55	2889.15	2723.72	2648.16	2566.47
1.12E-07	21665	20376.6	19147.2	17924.1	17047.2	15644.2	15244	14112	13466	12355.4	11719.9	11367.3	10830.6	10325.1	9849.24	9376.23	9039.04	8497.19	8182.34	7912.21	7537.94	7443.42	6880.02	6741.65	6407.24	6201.25	5909.5	5749.81	5498.51	5291.81	4940.32	4968.68	4715.44	4561.86	4427.24	4329	4155.44	3957.92	3861.85	3709.62	3616.53	3614.54	3475.92	3375.51	3242.29	3109.74	3027.99	3047.22	2908.97
1.17E-07	21496	19985.8	18797.6	17795.6	17101.5	16164.2	14929.2	14116.8	13759.2	12736.8	12309.3	11539.7	11041.1	10685.6	9982.6	9551.76	9112.66	9018.43	8605.24	8093.69	7836.58	7669.33	7446.88	6963.16	6690.61	6448.83	6459.03	6052.91	5941.47	5477.28	5366.7	5346.26	5012.63	5012.31	4895.51	4584	4436.14	4352.57	4196.65	3977.79	3889.13	3875.99	3726.08	3643.42	3489.73	3315.89	3336.01	3258.86	3116.7
1.23E-07	20443.8	19510.4	18733.5	17913	16999	16115.4	15231.8	14467.8	14011.3	12888.7	12201.6	11723.9	11120.5	10730.2	10356.1	9901.65	9691.56	9201.99	8533.1	8394.24	8297.89	8005.32	7676.11	7390.01	7067.03	6817.01	6543	6304.89	6303.69	5989.67	5738.17	5579.52	5304.34	5228.39	5105.97	4990.72	4771.84	4502.57	4380.03	4276.16	4320.45	4153.31	4117.48	3855.77	3820.22	3632.18	3653.27	3490.38	3537.58
1.29E-07	19760.4	18951.3	17911.6	17136.2	16715.3	15612.6	14787.2	14166.1	13610.8	12919.8	12175.8	11841.7	11190.2	10824.9	10414.2	10217.7	9536.08	9396.94	8968.52	8698.48	8429.86	8199.86	7876.71	7503.63	7247.7	7095.6	6817.01	6615.5	6378.5	6130.12	6091.18	5706.14	5584.04	5441.98	5350.05	5112.03	4965.17	4816.41	4710.63	4546.9	4537.42	4307.41	4280.38	4085.53	4010.87	3887.14	3729.8	3744.89	3602.27
1.35E-07	18691.5	17711	17396.3	16440.4	15979.9	14985.9	14590.7	14041.1	13523.8	12827.2	12395.4	11482.3	11286.8	10989.8	10323.9	10046.5	9791.22	9485.85	9280.03	8697.97	8574.32	8190.27	8008.15	7521.23	7532.44	7354.91	6997.02	6728.43	6586.26	6331.63	6188.31	6040.46	5828.85	5572.9	5409.02	5160.67	5089.25	5057.33	4753.34	4684.76	4690.67	4487.09	4405.49	4401.61	4152.43	4049.81	3943.37	3980.83	3737.2
1.41E-07	17294.5	16675.1	16451.1	15989.4	15255.3	14643.1	14212.9	13763.3	13207.3	12520.7	12026.5	11623.9	10994.9	10856.3	10441	9841.89	9618.2	9310.99	8870.93	8607.23	8552.75	8158.96	7861.25	7859.91	7383.45	7189.48	6790.48	6839.82	6710.82	6581.72	6169.74	6121.06	5847.2	5617.72	5726.21	5449.46	5290.09	5206.71	4989.81	4783.05	4779.14	4648.06	4635.62	4436	4346.13	4100.24	4274.63	3930.49	3933.07
1.48E-07	16326.5	15599.9	15333.9	14851.7	14235.5	13629.4	13275.9	13076.3	12515	12162.1	11523.7	11167.2	10861.4	10553.8	9973.75	9856.54	9442.38	9073.34	8786.2	8733.79	8323.83	8124.77	7937.47	7638.01	7465.68	7346.78	7089.57	6721.22	6596.05	6519.72	6305.78	6158.45	5959.19	5718.99	5599.49	5401.05	5408.99	5170.98	5013.05	4879.95	4885.01	4677.3	4604.61	4613.2	4391.3	4278.33	4185.3	3981.57	3972.18
1.55E-07	14989.5	14615.7	14294.1	13816.8	13469.4	13072.9	12546.2	12390.7	11783.5	11350.3	10941.5	10728.7	10486.5	9936.2	9770.38	9475.93	9407.04	8977.24	8664.21	8330.63	8162.96	8034.94	7751.19	7530.12	7436	7121.5	6817.56	6472.09	6514.59	6374.14	6367.44	6076.58	5895.8	5786.69	5690.82	5455.33	5379.75	5207.42	5099.09	4912.38	4870.62	4635.39	4611.27	4480.68	4324.87	4346.55	4234.02	4101.76	4065.8
1.62E-07	13570.8	13250.9	13431.5	12888.1	12663.5	12325	11721.5	11652.1	11415.4	10665.7	10602	10028.6	9813.22	9712.93	9282.82	9278.57	9103.11	8512.4	8370.89	8255.49	7817.22	7769.82	7518.38	7310.38	7118.08	6921.53	6665.24	6481.19	6478.02	6244.54	6198.9	6029.6	5912.63	5629.37	5503.49	5405.13	5322.31	5118.36	5012.21	4846.99	4831.57	4663.51	4640.75	4503.21	4455.01	4154.05	4150.52	4060.33	4119.85
1.70E-07	11840.4	11828.9	11640.1	11576.8	11302.7	11064.9	10909.5	10768.6	10339	9980.89	9724.74	9539.89	9342.95	9126.34	8718.85	8592.14	8389.89	8170.48	7948.72	7750.97	7499.53	7449.07	7129.86	7119.08	6856.48	6826.47	6666.05	6313.47	6106.76	6055.85	5980.62	5762.16	5722.86	5526.82	5420.78	5229.84	5206.74	4985.01	5014.17	4843.28	4623.47	4603.54	4509.96	4470.24	4270.04	4175	4115.32	3893.66	3805.59
1.78E-07	10572.9	10347.6	10437.2	10265	10336.3	10098.6	9836.99	9647.39	9374.49	9303.48	9123.15	8881.26	8700.44	8522.95	8319.23	8053.78	7937.21	7760.44	7407.23	7353.01	7086.56	6917.96	6845.01	6551.51	6497.93	6368.27	6438.45	5949.81	6003.65	5814.87	5843.3	5574.36	5383.67	5264.19	5175.49	5153.46	4980.11	4772.37	4794.43	4720.3	4447.35	4428.99	4321.74	4248.79	4097.4	4151.63	3898.05	3919.78	3838.59
1.86E-07	9112.32	9103.98	9174.82	9074.5	9227.18	9008.32	8937.6	8656.05	8829.57	8476.53	8389.04	8299.52	7905.49	7899.45	7695.62	7588.35	7411.32	7140.73	6987.39	6968.71	6499.8	6476.76	6425.01	6259.57	6173.34	5929.5	5940.88	5803.45	5874.01	5424.88	5497.79	5335.18	5274.44	4996.24	5000.74	4948.9	4897.44	4706.17	4559.34	4521.33	4351.49	4357.46	4170.07	4160.87	3940.22	3921.68	3745.04	3797.87	3847.8
1.95E-07	7688.44	7718.47	7979.38	8047.11	7841.03	7950.03	8120.58	7753.31	7672.66	7554.64	7385.86	7415.31	7039.1	7088.15	6735.4	6731.76	6793.95	6635.78	6385.34	6093.52	6123.71	5963.12	5958.18	5693.75	5913.75	5713.55	5477.07	5330.27	5314.49	5068.52	5062.7	4971.17	4882.6	4890.62	4821.92	4715.96	4489.38	4448.03	4325.09	4373.21	4180.94	4067.09	4070.98	3892.22	3882.91	3799.33	3716.1	3640.99	3594.44
2.04E-07	6448.38	6631.4	6747.74	6800.26	6877.82	6938.58	6800.45	6953.89	6793.6	6754.53	6573.36	6648.64	6432.86	6299.76	6145.06	6210.87	6152.6	6147.37	5877.51	5769.9	5580.78	5684.6	5552.81	5340.99	5223.56	5223.47	5074.94	4878.14	4893.28	4861.1	4741.03	4664.1	4480.24	4483.94	4451.24	4232.9	4291.52	4155.09	3970.57	4106.65	3934.34	3853.93	3703.27	3712.72	3623.03	3441.22	3545.47	3471.31	3335.95
2.14E-07	5271.41	5407.82	5689.25	5659.15	5847.06	5867.36	5934.16	5868.06	5752.3	5746.55	5736.13	5761.49	5705.31	5623.28	5548.95	5455.49	5357.3	5232.88	5256.6	5204.33	5080.21	5047.69	5005.38	4822.35	4784.18	4732.26	4675.69	4448.61	4546.06	4485.86	4340.16	4271.99	4240.1	4145.98	3959.33	4050.79	3843.06	3806.73	3743.26	3735.69	3646.42	3512.13	3544.65	3433.16	3360.07	3277.04	3353.67	3184.32	3220.42
2.24E-07	4228.98	4372.24	4637.66	4713.32	4854.81	4839.54	5015.46	4971.7	5023.77	4943.98	5009.12	4916.45	4829.87	4976.27	4777.99	4705.1	4746.51	4667.82	4588.83	4463.47	4483.6	4371.7	4474.49	4414.92	4398.68	4222.91	4308.28	4118.19	4050.29	3995.01	3923.96	3881.3	3942.34	3679.25	3576.08	3637.19	3555.98	3571.88	3412.29	3307.83	3400.86	3193.07	3194.81	3218.38	3064.12	3089.53	3078.51	3063.77	2943.59
2.34E-07	3303.93	3650.46	3676.28	3805.48	3941.39	4151.18	4073.2	4078.89	4208.48	4282.17	4113.9	4238.63	4197.92	4107.6	4162.9	4220.56	4255.5	4101.16	4022.84	4122.23	4048.75	3970.32	3960.47	3848.43	3759.81	3798.74	3677.24	3650.59	3653.36	3623.61	3545.66	3481.12	3398.34	3379.2	3386.6	3389.16	3310.39	3262.83	3183.45	3156.52	3148.55	3017.48	2962.56	2906.25	2851.04	2786.72	2703.71	2682.44	2682.66
2.45E-07	2641.58	2823.38	2923	2949.23	3166.97	3285.76	3320.31	3322.51	3448.68	3592.53	3415.24	3505.84	3476.95	3469.23	3478.6	3506.54	3435.71	3500.37	3460.56	3405.16	3457.18	3493.92	3337.94	3360.46	3312.38	3270.53	3199.45	3192.24	3233.77	3226.07	3156.52	3045.87	3076.88	3040.3	2898.28	2928.84	2942.41	2828.6	2839.13	2788.37	2695.67	2696.32	2612.51	2617.14	2609.83	2554.85	2572.39	2462.28	2436.46
2.57E-07	1981.55	2069.94	2160.95	2286.64	2342.02	2516.13	2612.84	2624.44	2637.53	2785.28	2766.87	2690.11	2862.75	2794.1	2842.45	2784.46	2822.55	2811.33	2921.4	2797.82	2827.37	2824.68	2833.2	2681.28	2870.53	2747.73	2698.01	2703.2	2742.41	2680.69	2602.12	2643.33	2587.83	2551.9	2574.15	2529.18	2480.06	2426.27	2455.98	2410.54	2299.08	2304.13	2285.55	2233.28	2216.04	2161.75	2241.96	2218.25	2187.03
2.69E-07	1456.83	1508.19	1656.85	1619.24	1896.23	1851.71	1952.6	2051.35	2134.01	2135.51	2157.45	2125.1	2163.03	2245.97	2201.42	2260.3	2320.17	2300.05	2340.18	2266.36	2295.36	2353.02	2306.34	2371.77	2345.84	2300.22	2277.04	2284.07	2284.67	2165.23	2183.46	2145.42	2142.78	2288.66	2230.8	2158.41	2186.1	2054.05	2129.88	2110.16	1980.43	1968.45	1940.68	1929.35	1902.21	1916.91	1929.95	1961.46	1792.77
2.82E-07	1018.4	1056.63	1162.16	1202.03	1295.42	1336.18	1450.46	1554.62	1571.39	1543.61	1635.01	1694.3	1728.95	1671.47	1695.02	1705.09	1745.8	1727.62	1790.98	1810.47	1808.88	1852.07	1837.56	1756.74	1858.73	1865.57	1776.57	1754.02	1891.43	1808.55	1799.88	1784.19	1719.44	1792.92	1795.6	1759.35	1835.9	1700.6	1729.25	1669.77	1604.07	1641.53	1633.35	1642.3	1599.26	1621.14	1573.14	1616.42	1554.63
2.95E-07	713.814	782.124	865.533	883.498	935.336	979.138	1069.03	1052.97	1136.87	1157.28	1169.28	1213.38	1279.98	1204.03	1279.82	1293.29	1300.01	1325.1	1400.45	1429.1	1328.69	1410.21	1408.66	1432.95	1412.22	1421.46	1362.1	1364.05	1460.16	1421.97	1451.3	1448.26	1390.58	1446.41	1467.29	1429.77	1480.35	1351.39	1426.04	1362.29	1321.88	1334.67	1367.85	1348.49	1282.27	1329.49	1328.68	1297.04	1259.95
3.09E-07	502.567	559.918	569.634	604.661	645.061	660.328	708.991	738.989	787.691	812.655	843.179	862.438	941.56	883.566	921.977	921.897	932.595	972.362	1004.33	1037.87	992.638	1052.83	1084.13	1017.01	1086.36	1096.74	1096.09	1087.59	1042.49	1126.97	1103.31	1128.11	1138.09	1098.19	1113.87	1111.8	1122.66	1076.49	1077.84	1108	1032.96	1110.23	1058.35	1050.82	1020.05	979.747	1048.61	1071.33	1007.55
3.24E-07	314.186	379.061	413.217	418.409	482.408	492.86	504.76	493.678	549.083	575.785	572.672	635.593	592.261	633.267	678.302	646.431	705.082	747.332	719.2	767.336	782.349	786.541	741.731	785.151	824.698	825.536	753.227	768.348	784.256	828.773	822.102	834.331	840.16	816.129	873.253	814.13	876.978	807.072	859.277	815.524	847.438	778.516	780.586	797.351	758.819	820.694	798.15	805.583	821.209
3.39E-07	246.257	260.453	276.571	298.064	312.935	340.935	364.373	358.468	385.97	411.088	411.269	420.88	429.904	411.406	469.412	456.251	479.334	488.894	534.995	553.931	586.503	565.721	551.457	567.929	605.999	578.263	547.876	569.458	604.752	606.185	598.885	611.195	598.654	617.892	651.57	630.241	627.877	661.154	629.238	636.217	645.152	597.077	605.675	638.132	597.188	649.722	628.591	615.457	594.593
3.55E-07	161.852	179.386	185.417	228.102	229.222	224.953	236.388	243.307	251.093	270.731	264.496	253.708	304.049	294.871	294.808	312.102	336.56	365.527	375.729	395.465	385.862	396.481	407.72	434.61	412.185	410.352	373.563	395.566	401.483	425.251	443.808	443.808	442.739	461.591	456.246	451.971	441.232	486.716	480.113	472.732	490.301	431.292	451.51	462.511	479.128	488.191	477.918	463.654	454.374
3.72E-07	131.574	112.954	132.286	135.474	147.687	144.622	166.615	171.02	171.681	160.032	198.579	201.308	205.171	157.998	199.68	220.29	208.905	255.081	243.567	254.517	258.487	263.163	251.833	287.606	284.009	287.847	245.957	285.877	284.701	302.185	331.927	297.618	307.737	330.132	339.002	315.319	318.26	361.845	340.311	344.243	359.495	291.195	344.843	314.493	380.63	310.188	329.962	354.304	330.755
3.89E-07	101.057	82.4389	101.601	107.795	115.265	122.716	110.201	129.439	129.616	137.401	148.825	124.618	132.704	144.613	129.083	147.21	164.302	165.24	171.792	183.49	174.86	195.553	191.484	198.002	197.049	197.715	181.169	169.68	199.734	230.811	224.76	202.927	223.012	241.886	236.005	253.233	225.748	208.758	241.129	227.502	215.904	227.047	234.977	256.096	247.696	236.922	261.467	257.375	248.512
4.07E-07	61.2396	67.0089	71.8006	84.0975	78.7844	92.732	80.8069	81.9847	89.4786	93.4891	105.047	84.4037	109.599	116.862	96.4912	109.808	114.222	125.9	116.581	131.12	120.413	146.384	145.253	136.287	140.914	142.174	127.442	124.092	149.316	148.379	157.488	141.283	166.811	159.651	174.531	179.843	165.631	178.531	187.952	165.668	150.286	175.802	169.207	183.861	168.613	177.689	174.597	171.907	172.49
4.27E-07	45.8624	52.9306	57.6811	55.346	65.2942	69.1041	58.4288	69.8804	62.947	55.4109	58.6934	68.9734	79.7183	77.5538	70.1708	72.7031	78.9941	80.2024	98.9201	81.4867	87.0957	90.0585	93.8569	90.1455	89.2306	102.629	84.0143	88.9059	103.896	92.5001	86.4679	102.016	120.8	103.184	107.171	111.827	120.386	127.095	114.179	130.257	99.3178	116.209	102.593	128.853	122.129	126.236	111.679	115.656	112.942
4.47E-07	42.6667	39.357	34.8354	51.1024	47.1803	48.0223	44.7795	57.2311	47.3085	55.5807	45.8942	40.4299	38.1147	37.5489	71.0225	45.6636	57.3145	73.1606	55.7911	55.3679	60.1218	64.2096	56.2028	66.0893	70.3993	59.3164	64.8635	64.9794	61.3922	69.7821	68.8293	80.1384	74.4428	85.4192	78.4704	72.5642	78.3824	64.5648	90.8238	80.6967	69.2311	79.4389	70.5101	75.8915	78.0415	96.9133	92.2269	79.3715	92.4177
4.68E-07	35.305	36.0938	34.2439	31.1688	42.948	33.2775	35.9761	31.6043	45.7869	30.5097	36.9152	25.1903	32.8636	30.394	43.6486	41.9413	40.3144	50.0039	46.0841	39.9436	39.0578	51.7022	53.7954	40.7532	41.0292	43.9564	32.7022	41.5997	40.3044	42.1169	51.9271	53.4558	55.5365	52.8835	53.0875	53.218	50.0574	50.8283	61.3689	59.2293	42.0067	54.5875	48.7981	63.0183	52.3033	63.278	60.5721	62.6171	67.4958
4.90E-07	35.7996	24.8561	30.2047	29.9889	30.2747	33.65	32.4369	23.1558	29.7811	27.9698	27.7664	16.8618	21.9904	28.1851	31.4275	28.0286	32.9554	32.9082	33.2997	32.7975	32.8318	37.1604	33.2644	32.2944	24.2665	29.798	21.4275	27.5693	30.9662	24.5897	41.2564	46.7664	36.8211	42.5311	44.3903	41.3561	40.65	32.0044	42.3301	48.8765	30.5178	34.8626	38.9198	33.0707	39.863	44.3836	45.6213	41.4909	36.9262
5.13E-07	20.2908	28.7662	24.5809	25.9383	30.0955	22.0964	23.6522	29.6469	19.471	27.3262	16.2885	15.1508	9.9315	29.7752	20.9521	24.1319	24.7761	30.6542	25.4851	21.911	24.1639	25.7963	19.7104	29.2307	21.8757	18.516	27.7621	26.1168	33.6813	30.8232	34.2653	30.4628	26.8557	31.9835	28.6429	34.6633	19.6519	26.3669	21.7343	23.5884	27.1008	29.05	21.2464	26.3112	32.5304	31.6199	26.4612	18.3062	30.3152
5.37E-07	24.6178	16.9652	19.5273	18.6878	20.0203	16.528	17.4595	14.7032	20.1587	12.1119	14.3275	9.86887	11.8196	15.1605	19.4666	19.7636	22.299	21.2305	18.7433	15.0441	23.4156	20.9589	18.3061	17.1538	17.451	20.528	18.1257	24.299	13.4308	24.3476	17.8196	22.0919	21.7627	20.3819	21.0488	18.4446	21.4026	19.0075	15.4722	19.7913	14.2154	22.3973	26.9498	13.9581	20.4308	21.2704	29.2066	23.966	18.1547
5.62E-07	20.7084	16.3691	11.0107	12.8264	14.9285	16.9285	14.3143	16.465	10.0078	14.4513	12.8707	10.4561	8.97109	13.0487	18.0261	13.9363	16.9788	16.4314	16.637	19.3586	12.0107	17.3875	15.7209	20.6782	14.8889	15.2011	15.3479	16.5778	12.599	17.0976	16.4815	21.1355	12.0792	14.1558	17.8996	15.5672	15.8996	15.4271	14.3674	10.8996	12.6339	17.4663	15.6292	9.89188	20.5943	18.0396	14.4862	22.4591	22.6541
5.89E-07	14.5598	17.2306	9.44795	12.0074	11.4581	13.4581	16.1991	15.936	12.3152	12.8766	10.0489	7.07841	7.78571	12.323	15.4549	15.1305	10.906	18.1608	14.7516	13.8642	12.1429	17.007	6.07881	10.5	11.5489	7.77371	14.559	10.1397	13.9286	12.7438	14.3455	9.81562	9.21429	13.4286	8.52951	13.1724	11.2438	11.7733	8.76358	5.45809	8.38705	12.71	7.63123	13.9286	14.9065	12.1623	16.1013	13.5858	10.2733
6.17E-07	14.9407	13.7928	11.2963	12.1452	6.07556	4.46962	10.9128	9.50231	8.78962	8.46379	2.74972	7.22083	2.07556	13.6919	9.215	10.1511	12.8593	11.0756	6.67993	10.5778	12	9.62787	11.8103	17.4561	12.0547	6.07556	7.81037	21.535	11.293	17.0548	7.07556	7.22667	7.31374	16.677	14.0756	10.0058	10.6978	7.5837	8.22083	5.77333	10.9244	10.4267	7.30799	12.6978	10.0697	15.2	10.7093	15.9291	11.32
6.46E-07	12.9362	11.7013	11.5983	10.9487	8.05128	8.93625	6	6.29959	5.98753	9.53454	8.24786	7.29915	2.14009	8	9.78445	11.1401	8.63711	10.2479	11.8125	7.91684	10.5983	4.44734	11.0798	5.39265	4.69179	6.64957	10.8091	10.4392	9.79821	10.1082	7.64957	9.84095	11.396	8.42111	11.1453	10.0228	6.49052	7.6177	7.94872	3.5418	8.78967	8.72026	8.56984	8.29915	8.84095	6.86556	7.74648	8.18411	4.94351
6.76E-07	12.8347	13.7666	8.95248	7.77686	6.33058	5.16529	8.39876	6.98975	4.16529	5	6.83471	2.94215	2.93599	9.83471	13.5435	8.26657	6.16529	7	5.1791	7.39876	7.34091	3.8829	7.07166	5.74723	6.146	4.16529	8.87814	9.27691	11.3086	5.655	9.39876	7.04343	10.0585	6.49587	5.83471	8.69971	5.48971	4.77686	3.55372	3.26657	5.83062	4.8843	4.58194	7.61157	8.44219	3.22314	7.05852	4.83471	5.43186
7.08E-07	12.1992	6.94945	9.96262	1.59761	9.40239	7.78873	9.16182	7.25224	9.48989	5.9004	9.08754	0.0996016	3.33195	4.88435	12.4393	7.94561	8.07547	9.7012	2.94561	2.94656	7.96262	8.30279	7.94561	5.9004	5.26143	2.0996	3.54322	3.80464	2.88723	5.846	4.75943	9.5472	6.36103	4.8008	7	3.56023	4.33195	6.7012	2	5.6468	6.00783	7.30279	11.3028	6.1992	7.20703	6.7012	4.44855	4.1992	5.93354
7.41E-07	10.3333	4.5	5.10376	2.33333	3.25308	5.8268	3	6.08642	3.8268	8.27043	1.99347	5.5	2.66013	6.49347	7.85031	9.10376	10.2574	6.08642	5.93709	4.68365	11.915	7.5	4.5	2.33333	2	5.93709	6.16667	5	4.08642	7.33333	5.52351	3.16667	0.919748	6.25308	4.33333	3.16667	2.99347	2	4.83333	1.66667	3.60376	6.33333	4.33333	10	4.5	8.5	8.43056	3.93709	4.68364
7.76E-07	6.10714	7	4.66831	5.58442	8.60912	4.66071	5.23214	4.71627	3.35227	1.88259	2.55357	3.44643	1.55357	5.44643	8.75471	5.54331	4.98974	6.74711	7.43616	8.2596	3.20895	5.89286	1.7987	2.21429	2.69156	2.88259	5.21429	5.69156	5.39484	7.01299	6.72386	5.13799	4.1627	5.26984	4.21429	2.66071	4.89286	2.44643	2.21429	0.446429	4.32902	3.89286	4.66071	4.35227	4.23214	5.55357	3.88259	4.54331	1.38458
8.13E-07	7.96552	9.22414	5.62931	5.62285	2.67625	5.96552	5.77586	5.83142	4.70044	1.74138	2	2.51724	0.258621	6.74138	8.63531	8.93103	4.48276	4.37669	6.37069	3.86591	3	2.55172	2.21768	2.22414	3.4763	2	3	5.73492	8.34867	2.99354	4.90039	5.73492	2.86591	3.2366	3.48276	1.74138	2.2931	3.74138	0	1	3.25862	5.74138	2.25862	4.21768	3.2931	2.77586	4.11207	4.96552	4.5728
8.51E-07	0	0	0	0	0	0	0	0	0	0	0	0	0	0	0	0	0	0	0	0	0	0	0	0	0	0	0	0	0	0	0	0	0	0	0	0	0	0	0	0	0	0	0	0	0	0	0	0	0
8.91E-07	0	0	0	0	0	0	0	0	0	0	0	0	0	0	0	0	0	0	0	0	0	0	0	0	0	0	0	0	0	0	0	0	0	0	0	0	0	0	0	0	0	0	0	0	0	0	0	0	0
9.33E-07	0	0	0	0	0	0	0	0	0	0	0	0	0	0	0	0	0	0	0	0	0	0	0	0	0	0	0	0	0	0	0	0	0	0	0	0	0	0	0	0	0	0	0	0	0	0	0	0	0
9.77E-07	0	0	0	0	0	0	0	0	0	0	0	0	0	0	0	0	0	0	0	0	0	0	0	0	0	0	0	0	0	0	0	0	0	0	0	0	0	0	0	0	0	0	0	0	0	0	0	0	0
