1.02E-08	0	0	0	0	0	0	0	0	0	0	0	0	0	0	0	0	0	0	0	0	0	0	0	0	0	0	0	0	0	0	0	0	0	0	0	0	0	0	0	0	0	0	0	0	0	0	0	0	0
1.07E-08	0	0	0	0	0	0	0	0	0	0	0	0	0	0	0	0	0	0	0	0	0	0	0	0	0	0	0	0	0	0	0	0	0	0	0	0	0	0	0	0	0	0	0	0	0	0	0	0	0
1.12E-08	0	0	0	0	0	0	0	0	0	0	0	0	0	0	0	0	0	0	0	0	0	0	0	0	0	0	0	0	0	0	0	0	0	0	0	0	0	0	0	0	0	0	0	0	0	0	0	0	0
1.17E-08	0	0	0	0	0	0	0	0	0	0	0	0	0	0	0	0	0	0	0	0	0	0	0	0	0	0	0	0	0	0	0	0	0	0	0	0	0	0	0	0	0	0	0	0	0	0	0	0	0
1.23E-08	0	0	0	0	0	0	0	0	0	0	0	0	0	0	0	0	0	0	0	0	0	0	0	0	0	0	0	0	0	0	0	0	0	0	0	0	0	0	0	0	0	0	0	0	0	0	0	0	0
1.29E-08	0	0	0	0	0	0	0	0	0	0	0	0	0	0	0	0	0	0	0	0	0	0	0	0	0	0	0	0	0	0	0	0	0	0	0	0	0	0	0	0	0	0	0	0	0	0	0	0	0
1.35E-08	0	0	0	0	0	0	0	0	0	0	0	0	0	0	0	0	0	0	0	0	0	0	0	0	0	0	0	0	0	0	0	0	0	0	0	0	0	0	0	0	0	0	0	0	0	0	0	0	0
1.41E-08	1.74E-12	1.12E-12	3.19E-13	1.59E-13	0	1.59E-13	3.19E-13	1.43E-13	0	5.63E-28	0	0	0	3.19E-13	1.59E-13	3.19E-13	1.59E-13	5.63E-28	0	0	0	0	1.59E-13	1.43E-13	4.65E-28	0	0	1.59E-13	1.59E-13	0	0	0	0	1.59E-13	0	5.63E-28	0	0	1.59E-13	0	7.55E-14	1.59E-13	1.59E-13	1.59E-13	0	1.59E-13	5.63E-28	0	1.59E-13
1.48E-08	8.66E-13	6.34E-13	6.63E-13	9.62E-14	7.18E-14	1.01E-13	1.13E-13	3.04E-13	1.44E-13	1.01E-13	0	0	0	1.01E-13	1.01E-13	2.03E-13	1.44E-13	1.01E-13	0	0	0	1.44E-13	7.18E-14	0	9.62E-14	0	0	7.18E-14	0	0	0	0	0	0	0	1.01E-13	0	7.18E-14	1.01E-13	0	2.56E-13	1.01E-13	0	1.01E-13	0	0	1.01E-13	0	0
1.55E-08	1.44E-12	1.25E-12	6.13E-13	1.38E-13	1.87E-13	2.54E-13	2.44E-13	0	3.74E-13	2.54E-13	0	0	0	1.27E-13	0	0	1.20E-13	0	0	0	1.27E-13	1.20E-13	5.99E-14	0	1.04E-14	0	0	1.87E-13	0	0	0	0	0	0	0	0	0	5.99E-14	0	0	0	5.91E-14	0	0	1.27E-13	0	0	0	0
1.62E-08	1.98E-12	1.41E-12	5.07E-13	2.01E-13	2.01E-13	6.36E-14	5.65E-13	1.69E-13	6.36E-14	6.36E-14	0	0	0	2.01E-13	0	0	0	0	0	0	3.18E-14	0	1.69E-13	0	1.69E-13	0	0	2.01E-13	0	0	0	0	0	0	0	0	0	0	0	0	1.69E-13	2.74E-13	1.69E-13	0	3.18E-14	1.69E-13	0	0	0
1.70E-08	1.56E-12	1.53E-12	9.38E-13	6.57E-14	1.31E-13	5.28E-13	5.28E-13	0	1.54E-13	6.57E-14	1.31E-13	0	0	6.57E-14	3.08E-13	2.20E-13	1.54E-13	1.54E-13	0	1.54E-13	0	1.63E-14	0	0	0	0	1.54E-13	1.54E-13	1.54E-13	0	0	0	0	0	0	0	0	0	0	0	0	1.54E-13	0	0	0	0	0	0	0
1.78E-08	3.10E-12	2.87E-12	1.78E-12	4.83E-13	4.75E-13	4.83E-13	1.15E-13	2.45E-13	1.23E-13	3.60E-13	4.75E-13	0	0	1.15E-13	0	1.15E-13	0	1.23E-13	1.23E-13	1.23E-13	0	3.66E-13	0	0	0	0	0	0	0	0	0	0	0	0	0	0	0	0	0	0	0	0	0	0	1.23E-13	0	0	0	1.23E-13
1.86E-08	4.54E-12	3.65E-12	1.48E-12	7.71E-13	5.14E-13	2.10E-13	3.74E-13	3.27E-13	7.01E-14	1.40E-13	1.40E-13	1.87E-13	0	1.87E-13	1.87E-13	1.87E-13	0	7.01E-14	7.01E-14	7.01E-14	3.74E-13	3.80E-13	0	0	0	0	0	0	1.87E-13	0	0	0	0	0	0	0	0	0	0	0	1.87E-13	0	0	0	7.01E-14	0	0	0	7.01E-14
1.95E-08	6.72E-12	5.04E-12	2.24E-12	2.80E-13	0	5.60E-13	8.40E-13	5.60E-13	0	0	2.80E-13	0	0	0	2.80E-13	0	0	0	0	0	0	0	0	0	0	0	0	2.80E-13	2.80E-13	0	0	0	0	0	0	0	0	0	0	0	0	0	0	0	0	0	0	0	0
2.04E-08	1.14E-11	6.63E-12	3.61E-12	1.40E-12	1.37E-12	7.54E-13	8.42E-13	6.71E-13	4.62E-13	0	7.76E-14	2.14E-13	4.80E-13	1.76E-13	8.47E-14	0	0	0	0	0	0	2.14E-13	0	0	0	0	0	0	9.06E-14	9.11E-14	0	0	0	0	0	0	0	0	0	0	9.14E-14	0	0	0	0	0	0	0	0
2.14E-08	1.61E-11	1.30E-11	7.21E-12	2.54E-12	2.55E-12	7.09E-13	1.24E-12	8.68E-13	3.26E-13	2.03E-13	1.02E-13	3.80E-13	3.50E-13	2.31E-13	3.21E-13	0	1.95E-13	0	2.00E-13	2.04E-13	0	0	0	0	0	4.23E-13	0	0	1.19E-13	1.20E-13	0	0	0	0	0	0	0	0	0	0	1.20E-13	0	0	0	0	0	0	0	0
2.24E-08	1.82E-11	1.51E-11	7.75E-12	6.07E-12	2.88E-12	1.25E-12	1.78E-12	1.46E-12	4.51E-13	5.95E-13	5.26E-13	7.61E-14	2.38E-13	1.22E-12	8.85E-13	3.06E-13	3.90E-14	2.60E-13	3.17E-13	6.61E-13	0	3.18E-13	2.91E-13	0	0	8.46E-14	0	0	3.20E-13	3.22E-13	0	0	0	0	0	0	0	0	0	0	0	0	0	0	0	0	0	0	0
2.34E-08	2.78E-11	1.96E-11	1.07E-11	4.74E-12	3.80E-12	3.21E-12	1.91E-12	9.11E-13	1.84E-12	7.76E-14	5.60E-13	0	3.31E-13	8.73E-13	5.82E-13	3.04E-13	9.44E-14	0	3.00E-13	0	0	3.35E-13	0	3.95E-14	6.70E-14	1.02E-13	3.75E-13	0	3.44E-13	0	0	0	0	0	0	0	0	0	0	0	0	0	0	0	0	0	0	0	5.27E-14
2.45E-08	5.01E-11	3.57E-11	2.58E-11	1.42E-11	8.39E-12	5.53E-12	4.83E-12	2.26E-12	2.87E-12	3.45E-13	6.64E-13	7.56E-13	6.33E-13	1.77E-12	4.78E-13	8.55E-13	9.40E-13	5.01E-13	1.45E-13	0	1.34E-13	2.21E-13	0	1.76E-13	1.99E-13	8.27E-13	2.27E-13	0	1.78E-13	0	0	0	0	0	0	0	0	0	0	0	0	0	0	0	0	0	0	0	2.34E-13
2.57E-08	8.21E-11	4.68E-11	3.66E-11	2.10E-11	1.02E-11	9.70E-12	7.54E-12	5.28E-12	3.05E-12	2.63E-13	1.15E-12	2.70E-12	2.49E-13	2.87E-12	2.03E-12	3.68E-13	6.72E-13	7.37E-13	5.89E-13	1.46E-13	1.00E-12	9.32E-13	2.69E-13	3.01E-13	0	4.82E-13	0	2.82E-13	4.33E-13	0	0	3.62E-13	0	0	0	0	0	0	0	0	3.72E-13	0	0	0	0	0	0	0	0
2.69E-08	1.01E-10	8.16E-11	4.04E-11	3.00E-11	1.41E-11	1.76E-11	1.32E-11	8.00E-12	3.79E-12	4.16E-12	5.09E-12	1.25E-12	2.78E-12	1.11E-12	9.16E-13	1.31E-12	8.98E-13	3.15E-12	5.33E-13	0	1.34E-13	1.18E-13	1.74E-12	2.59E-13	0	4.15E-13	1.37E-12	3.58E-13	0	0	0	0	0	0	0	0	0	0	0	0	5.14E-13	0	0	0	5.16E-13	0	0	0	0
2.82E-08	1.63E-10	1.14E-10	6.52E-11	4.36E-11	2.90E-11	2.60E-11	1.87E-11	1.45E-11	9.66E-12	3.01E-12	8.95E-12	5.94E-12	3.97E-12	3.52E-12	1.77E-12	3.60E-12	2.42E-12	1.56E-12	2.71E-12	7.72E-13	1.16E-12	1.13E-13	3.33E-13	1.05E-12	7.93E-13	5.26E-13	9.94E-13	1.64E-13	4.60E-14	1.10E-12	1.24E-13	1.25E-13	0	0	0	3.89E-13	0	0	0	0	0	3.91E-13	0	0	0	3.67E-13	0	0	0
2.95E-08	2.29E-10	1.83E-10	9.85E-11	7.64E-11	5.05E-11	3.35E-11	3.54E-11	2.56E-11	2.00E-11	2.97E-12	1.12E-11	6.51E-12	7.77E-12	6.44E-12	3.44E-12	4.86E-12	1.46E-12	2.13E-12	3.32E-12	2.55E-12	2.09E-12	1.87E-12	1.26E-12	2.34E-12	2.03E-12	1.07E-12	8.95E-14	3.00E-13	4.77E-13	1.67E-13	1.88E-13	1.89E-13	1.74E-13	0	1.95E-13	3.28E-13	3.23E-13	0	0	0	0	0	0	0	0	0	0	0	0
3.09E-08	3.33E-10	2.58E-10	1.50E-10	1.16E-10	7.05E-11	5.08E-11	5.40E-11	3.32E-11	3.25E-11	3.81E-12	1.19E-11	1.57E-11	1.18E-11	6.77E-12	2.17E-12	6.09E-12	6.10E-12	5.81E-12	4.76E-12	3.93E-12	2.07E-12	4.52E-12	4.79E-12	4.15E-12	8.04E-13	1.77E-12	2.73E-12	3.51E-12	5.68E-13	5.57E-14	1.86E-12	7.28E-14	3.00E-13	8.79E-13	6.50E-14	1.09E-13	1.08E-13	0	1.08E-12	0	0	0	0	4.72E-13	0	0	1.09E-12	4.08E-13	0
3.24E-08	5.07E-10	3.62E-10	2.26E-10	1.65E-10	1.13E-10	9.99E-11	7.23E-11	6.27E-11	4.65E-11	2.12E-11	3.08E-11	2.09E-11	1.92E-11	1.72E-11	2.72E-11	5.40E-12	1.33E-11	1.39E-11	9.99E-12	5.43E-12	4.93E-12	2.66E-12	6.92E-12	2.36E-12	6.74E-13	3.44E-12	5.86E-12	2.21E-13	3.67E-13	2.30E-13	3.34E-13	1.62E-13	0	1.32E-14	8.16E-13	0	2.96E-14	1.07E-12	1.09E-12	4.24E-13	1.55E-13	0	5.59E-13	5.16E-14	0	7.40E-14	0	0	8.81E-14
3.39E-08	7.15E-10	5.19E-10	3.38E-10	2.52E-10	1.95E-10	1.48E-10	1.14E-10	8.61E-11	6.85E-11	2.83E-11	5.18E-11	3.72E-11	2.20E-11	2.65E-11	2.55E-11	2.02E-11	1.70E-11	1.95E-11	1.33E-11	1.10E-11	6.73E-12	8.54E-12	7.99E-12	9.53E-12	2.88E-12	4.45E-12	3.33E-12	1.16E-12	1.15E-13	1.28E-12	1.17E-12	1.75E-12	0	3.40E-13	9.52E-13	0	0	9.26E-13	3.58E-13	0	1.37E-12	6.64E-13	0	5.54E-13	6.39E-14	2.59E-13	0	4.49E-13	3.08E-13
3.55E-08	1.01E-09	7.22E-10	4.86E-10	3.59E-10	2.50E-10	2.22E-10	1.76E-10	1.28E-10	1.02E-10	5.67E-11	7.01E-11	6.94E-11	3.87E-11	3.53E-11	3.65E-11	2.67E-11	2.19E-11	3.11E-11	1.78E-11	2.03E-11	1.75E-11	6.82E-12	1.35E-11	1.31E-11	1.09E-11	7.93E-12	1.30E-12	7.14E-12	5.25E-12	8.26E-13	0	1.11E-12	1.75E-13	2.17E-13	7.13E-14	3.17E-12	5.39E-13	2.11E-12	1.02E-12	0	6.13E-13	1.50E-12	0	8.07E-13	5.48E-13	1.98E-13	2.22E-12	2.16E-12	0
3.72E-08	1.40E-09	1.02E-09	6.63E-10	5.12E-10	4.27E-10	3.31E-10	2.69E-10	2.02E-10	1.97E-10	7.78E-11	1.30E-10	1.15E-10	1.03E-10	6.57E-11	7.13E-11	5.84E-11	5.51E-11	4.33E-11	3.16E-11	3.64E-11	3.27E-11	3.31E-11	1.67E-11	1.20E-11	1.53E-11	1.37E-11	1.13E-11	1.57E-11	5.26E-12	0	1.99E-12	2.53E-12	6.27E-12	1.40E-12	1.68E-12	6.16E-12	6.76E-12	2.30E-12	3.18E-12	3.82E-12	1.32E-12	1.84E-12	0	2.13E-13	0	3.07E-12	0	5.77E-13	6.83E-13
3.89E-08	1.92E-09	1.46E-09	1.05E-09	7.90E-10	6.36E-10	4.92E-10	3.82E-10	3.17E-10	2.58E-10	1.42E-10	1.97E-10	1.70E-10	1.19E-10	1.14E-10	9.39E-11	9.86E-11	8.07E-11	6.78E-11	5.19E-11	6.22E-11	4.74E-11	4.83E-11	4.47E-11	3.80E-11	2.49E-11	1.82E-11	2.66E-11	2.16E-11	1.64E-11	1.31E-11	1.27E-11	9.81E-12	2.03E-12	4.75E-12	4.35E-12	0	3.91E-12	8.20E-12	1.12E-12	2.63E-12	1.43E-12	1.15E-12	0	3.63E-15	1.11E-12	1.87E-12	0	8.51E-13	3.44E-13
4.07E-08	2.47E-09	2.00E-09	1.44E-09	1.12E-09	8.83E-10	7.05E-10	6.00E-10	5.00E-10	3.72E-10	2.27E-10	3.02E-10	2.56E-10	2.11E-10	1.75E-10	1.70E-10	1.53E-10	1.34E-10	1.10E-10	8.35E-11	8.58E-11	7.15E-11	6.49E-11	6.02E-11	6.43E-11	4.68E-11	5.10E-11	3.66E-11	4.47E-11	2.91E-11	1.27E-11	1.14E-11	1.22E-11	4.18E-12	4.73E-12	8.97E-12	5.44E-12	9.95E-12	8.03E-12	7.77E-12	6.74E-12	5.01E-13	3.99E-12	0	2.77E-12	0	2.29E-12	0	4.10E-12	2.91E-12
4.27E-08	3.50E-09	2.71E-09	2.05E-09	1.72E-09	1.27E-09	1.01E-09	8.73E-10	6.75E-10	6.02E-10	3.66E-10	4.60E-10	3.65E-10	3.46E-10	2.75E-10	2.76E-10	2.22E-10	1.78E-10	1.72E-10	1.52E-10	1.46E-10	1.07E-10	1.16E-10	9.49E-11	7.30E-11	9.77E-11	6.24E-11	4.99E-11	5.72E-11	4.46E-11	2.52E-11	1.49E-11	1.63E-11	2.51E-11	1.35E-11	2.39E-11	3.56E-12	4.89E-12	1.52E-11	2.09E-11	1.87E-11	0	1.04E-11	1.04E-11	7.36E-12	0	4.36E-12	6.22E-12	1.13E-12	7.92E-12
4.47E-08	4.64E-09	3.58E-09	2.84E-09	2.28E-09	1.88E-09	1.52E-09	1.21E-09	1.01E-09	9.47E-10	5.17E-10	6.11E-10	5.20E-10	4.69E-10	4.12E-10	3.89E-10	3.21E-10	2.69E-10	2.69E-10	2.05E-10	1.96E-10	1.96E-10	1.70E-10	1.54E-10	1.39E-10	1.36E-10	1.14E-10	1.07E-10	1.15E-10	6.79E-11	4.87E-11	4.35E-11	4.75E-11	3.12E-11	9.15E-12	2.60E-11	2.07E-11	1.80E-11	2.01E-11	7.81E-12	1.49E-11	4.20E-12	1.13E-11	2.97E-12	1.01E-11	1.49E-11	2.41E-12	6.72E-12	1.59E-11	9.20E-12
4.68E-08	6.20E-09	5.01E-09	3.85E-09	3.20E-09	2.58E-09	2.02E-09	1.82E-09	1.38E-09	1.23E-09	8.96E-10	9.08E-10	7.76E-10	6.94E-10	6.40E-10	5.91E-10	5.30E-10	4.85E-10	4.67E-10	3.75E-10	3.07E-10	2.84E-10	2.45E-10	2.56E-10	2.25E-10	2.12E-10	1.85E-10	1.38E-10	1.44E-10	1.16E-10	8.65E-11	6.41E-11	6.53E-11	7.06E-11	4.29E-11	6.00E-11	4.52E-11	5.28E-11	4.37E-11	2.66E-11	2.74E-11	3.47E-11	2.47E-11	7.83E-12	2.19E-11	1.73E-11	1.84E-11	2.74E-11	2.65E-11	5.02E-12
4.90E-08	8.32E-09	6.79E-09	5.40E-09	4.24E-09	3.61E-09	2.92E-09	2.49E-09	2.09E-09	1.78E-09	1.36E-09	1.50E-09	1.11E-09	1.00E-09	1.00E-09	8.70E-10	8.41E-10	6.97E-10	6.51E-10	5.50E-10	4.60E-10	4.90E-10	3.69E-10	3.63E-10	2.87E-10	3.36E-10	2.85E-10	2.85E-10	2.16E-10	2.38E-10	1.58E-10	9.42E-11	1.19E-10	1.21E-10	7.45E-11	7.68E-11	7.76E-11	6.68E-11	7.33E-11	8.07E-11	7.14E-11	7.46E-11	7.02E-11	3.25E-11	3.62E-11	2.69E-11	4.46E-11	5.06E-11	3.54E-11	3.96E-11
5.13E-08	1.08E-08	8.88E-09	7.29E-09	5.59E-09	4.98E-09	4.04E-09	3.52E-09	2.91E-09	2.62E-09	2.03E-09	2.07E-09	1.89E-09	1.52E-09	1.53E-09	1.51E-09	1.18E-09	1.12E-09	9.91E-10	8.85E-10	6.75E-10	6.55E-10	5.68E-10	5.29E-10	5.10E-10	4.74E-10	3.88E-10	4.26E-10	3.47E-10	3.67E-10	2.58E-10	2.27E-10	2.14E-10	1.60E-10	2.06E-10	1.21E-10	1.66E-10	1.60E-10	1.39E-10	1.54E-10	1.26E-10	1.01E-10	9.40E-11	1.11E-10	1.08E-10	1.12E-10	8.96E-11	5.23E-11	5.17E-11	5.85E-11
5.37E-08	1.39E-08	1.14E-08	9.50E-09	8.25E-09	6.66E-09	5.58E-09	4.97E-09	4.23E-09	3.67E-09	2.68E-09	2.88E-09	2.54E-09	2.27E-09	2.22E-09	1.84E-09	1.67E-09	1.52E-09	1.43E-09	1.24E-09	1.19E-09	1.11E-09	1.03E-09	8.78E-10	8.43E-10	6.76E-10	7.00E-10	6.50E-10	5.56E-10	5.18E-10	3.90E-10	3.83E-10	3.62E-10	3.35E-10	2.57E-10	2.98E-10	2.16E-10	2.03E-10	2.00E-10	1.55E-10	1.23E-10	1.42E-10	1.72E-10	1.71E-10	1.47E-10	1.47E-10	1.07E-10	1.26E-10	9.79E-11	1.22E-10
5.62E-08	1.84E-08	1.52E-08	1.24E-08	1.07E-08	9.15E-09	7.70E-09	6.52E-09	5.83E-09	5.28E-09	4.09E-09	4.01E-09	3.49E-09	3.17E-09	2.98E-09	2.60E-09	2.43E-09	2.44E-09	2.02E-09	1.87E-09	1.82E-09	1.57E-09	1.42E-09	1.25E-09	1.24E-09	1.07E-09	9.82E-10	9.56E-10	8.62E-10	7.85E-10	6.41E-10	4.93E-10	4.96E-10	4.74E-10	4.69E-10	4.33E-10	4.13E-10	3.18E-10	3.47E-10	2.80E-10	2.93E-10	2.67E-10	2.83E-10	2.71E-10	2.34E-10	2.72E-10	2.26E-10	2.22E-10	1.60E-10	1.83E-10
5.89E-08	2.35E-08	1.98E-08	1.65E-08	1.44E-08	1.21E-08	1.05E-08	8.92E-09	7.83E-09	7.29E-09	5.59E-09	5.66E-09	4.94E-09	4.22E-09	4.03E-09	3.83E-09	3.45E-09	3.07E-09	2.71E-09	2.58E-09	2.51E-09	2.28E-09	2.23E-09	1.88E-09	1.87E-09	1.69E-09	1.42E-09	1.36E-09	1.30E-09	1.17E-09	1.03E-09	7.64E-10	8.20E-10	7.97E-10	6.10E-10	6.63E-10	6.34E-10	5.15E-10	5.97E-10	4.33E-10	4.84E-10	4.91E-10	4.32E-10	4.02E-10	3.91E-10	3.32E-10	3.48E-10	4.02E-10	3.30E-10	2.47E-10
6.17E-08	3.01E-08	2.56E-08	2.13E-08	1.79E-08	1.59E-08	1.35E-08	1.17E-08	1.09E-08	9.37E-09	7.94E-09	7.77E-09	6.97E-09	5.95E-09	5.73E-09	5.43E-09	4.83E-09	4.34E-09	4.32E-09	3.71E-09	3.58E-09	3.16E-09	3.02E-09	2.76E-09	2.44E-09	2.34E-09	2.07E-09	1.99E-09	2.10E-09	2.05E-09	1.37E-09	1.43E-09	1.28E-09	1.16E-09	1.01E-09	1.04E-09	8.81E-10	8.52E-10	8.48E-10	6.97E-10	5.60E-10	7.14E-10	7.90E-10	7.00E-10	6.25E-10	6.69E-10	5.00E-10	4.88E-10	4.11E-10	4.42E-10
6.46E-08	3.81E-08	3.25E-08	2.65E-08	2.33E-08	2.02E-08	1.83E-08	1.61E-08	1.37E-08	1.25E-08	1.07E-08	1.02E-08	9.30E-09	8.72E-09	7.92E-09	6.98E-09	6.44E-09	5.92E-09	5.68E-09	5.05E-09	4.70E-09	4.23E-09	4.13E-09	4.13E-09	3.68E-09	3.32E-09	3.19E-09	2.90E-09	2.76E-09	2.56E-09	1.82E-09	1.97E-09	1.88E-09	1.66E-09	1.66E-09	1.46E-09	1.47E-09	1.41E-09	1.40E-09	1.17E-09	1.17E-09	1.10E-09	9.57E-10	9.83E-10	8.65E-10	9.77E-10	9.44E-10	8.18E-10	6.74E-10	7.10E-10
6.76E-08	4.63E-08	4.07E-08	3.48E-08	3.01E-08	2.68E-08	2.36E-08	2.09E-08	1.85E-08	1.63E-08	1.44E-08	1.39E-08	1.21E-08	1.17E-08	1.10E-08	9.67E-09	9.14E-09	8.27E-09	8.04E-09	7.28E-09	6.33E-09	6.13E-09	5.82E-09	5.31E-09	4.80E-09	4.27E-09	4.32E-09	4.05E-09	4.02E-09	3.77E-09	2.95E-09	2.77E-09	2.67E-09	2.34E-09	2.52E-09	2.09E-09	2.22E-09	2.02E-09	1.92E-09	1.94E-09	1.70E-09	1.71E-09	1.48E-09	1.40E-09	1.40E-09	1.38E-09	1.26E-09	1.30E-09	1.16E-09	1.25E-09
7.08E-08	5.78E-08	4.89E-08	4.32E-08	3.63E-08	3.27E-08	2.90E-08	2.53E-08	2.37E-08	2.09E-08	1.79E-08	1.75E-08	1.60E-08	1.42E-08	1.37E-08	1.19E-08	1.16E-08	1.11E-08	9.65E-09	9.29E-09	8.66E-09	7.56E-09	7.82E-09	6.97E-09	6.42E-09	5.84E-09	5.32E-09	5.27E-09	4.76E-09	4.69E-09	3.67E-09	3.97E-09	3.17E-09	3.59E-09	3.03E-09	3.16E-09	2.69E-09	2.62E-09	2.21E-09	2.17E-09	2.27E-09	2.20E-09	2.05E-09	2.00E-09	1.97E-09	1.77E-09	1.65E-09	1.73E-09	1.36E-09	1.69E-09
7.41E-08	6.82E-08	5.88E-08	5.21E-08	4.61E-08	4.01E-08	3.54E-08	3.06E-08	2.88E-08	2.50E-08	2.25E-08	2.16E-08	1.97E-08	1.79E-08	1.70E-08	1.48E-08	1.43E-08	1.33E-08	1.18E-08	1.14E-08	1.05E-08	9.71E-09	9.28E-09	9.24E-09	8.33E-09	8.05E-09	7.51E-09	7.02E-09	6.15E-09	5.86E-09	4.54E-09	5.07E-09	4.56E-09	4.06E-09	3.84E-09	3.35E-09	3.52E-09	3.55E-09	3.29E-09	2.74E-09	2.74E-09	2.71E-09	2.54E-09	2.67E-09	2.50E-09	2.42E-09	1.87E-09	2.11E-09	1.94E-09	1.91E-09
7.76E-08	8.54E-08	7.55E-08	6.39E-08	5.68E-08	4.99E-08	4.62E-08	4.06E-08	3.71E-08	3.32E-08	3.00E-08	2.80E-08	2.60E-08	2.41E-08	2.23E-08	2.00E-08	1.92E-08	1.79E-08	1.61E-08	1.57E-08	1.42E-08	1.36E-08	1.24E-08	1.19E-08	1.11E-08	1.05E-08	9.74E-09	9.04E-09	8.58E-09	8.22E-09	7.04E-09	6.96E-09	6.07E-09	5.77E-09	5.71E-09	4.98E-09	4.90E-09	4.68E-09	4.60E-09	3.98E-09	4.35E-09	3.86E-09	3.48E-09	3.46E-09	3.46E-09	3.03E-09	3.41E-09	3.03E-09	2.68E-09	2.80E-09
8.13E-08	1.02E-07	9.14E-08	8.06E-08	7.01E-08	6.25E-08	5.76E-08	5.27E-08	4.69E-08	4.20E-08	3.69E-08	3.66E-08	3.38E-08	3.15E-08	2.90E-08	2.61E-08	2.47E-08	2.42E-08	2.18E-08	2.04E-08	1.93E-08	1.69E-08	1.62E-08	1.56E-08	1.49E-08	1.44E-08	1.30E-08	1.30E-08	1.17E-08	1.13E-08	9.57E-09	9.25E-09	8.73E-09	7.87E-09	7.49E-09	7.22E-09	6.29E-09	6.74E-09	6.31E-09	5.62E-09	6.10E-09	5.85E-09	4.99E-09	4.61E-09	4.94E-09	4.75E-09	4.88E-09	4.05E-09	4.28E-09	4.03E-09
8.51E-08	1.26E-07	1.13E-07	9.90E-08	8.81E-08	7.60E-08	6.90E-08	6.47E-08	5.79E-08	5.24E-08	4.71E-08	4.62E-08	4.07E-08	3.83E-08	3.80E-08	3.44E-08	3.22E-08	3.00E-08	2.87E-08	2.65E-08	2.41E-08	2.26E-08	2.18E-08	1.89E-08	1.95E-08	1.93E-08	1.75E-08	1.63E-08	1.55E-08	1.40E-08	1.26E-08	1.23E-08	1.13E-08	1.16E-08	1.07E-08	1.03E-08	8.50E-09	8.82E-09	8.66E-09	8.69E-09	7.71E-09	7.42E-09	7.17E-09	6.44E-09	6.69E-09	6.46E-09	6.39E-09	5.20E-09	5.49E-09	5.37E-09
8.91E-08	1.49E-07	1.33E-07	1.20E-07	1.08E-07	9.42E-08	8.78E-08	7.97E-08	7.21E-08	6.75E-08	5.88E-08	5.71E-08	5.19E-08	5.05E-08	4.63E-08	4.35E-08	3.98E-08	3.90E-08	3.68E-08	3.26E-08	3.19E-08	2.87E-08	2.79E-08	2.57E-08	2.51E-08	2.33E-08	2.30E-08	2.16E-08	1.98E-08	1.90E-08	1.67E-08	1.59E-08	1.61E-08	1.46E-08	1.50E-08	1.26E-08	1.24E-08	1.18E-08	1.08E-08	1.15E-08	1.09E-08	9.82E-09	9.95E-09	9.50E-09	8.29E-09	8.41E-09	8.19E-09	7.99E-09	7.25E-09	7.50E-09
9.33E-08	1.80E-07	1.56E-07	1.45E-07	1.29E-07	1.17E-07	1.08E-07	9.65E-08	8.74E-08	8.11E-08	7.19E-08	7.17E-08	6.45E-08	6.04E-08	5.85E-08	5.38E-08	5.11E-08	4.89E-08	4.61E-08	4.27E-08	4.03E-08	3.72E-08	3.57E-08	3.32E-08	3.27E-08	3.12E-08	2.88E-08	2.68E-08	2.68E-08	2.47E-08	2.27E-08	2.13E-08	2.10E-08	1.98E-08	1.92E-08	1.75E-08	1.67E-08	1.54E-08	1.46E-08	1.53E-08	1.41E-08	1.36E-08	1.25E-08	1.27E-08	1.16E-08	1.15E-08	1.15E-08	9.79E-09	1.02E-08	1.00E-08
9.77E-08	2.13E-07	1.94E-07	1.75E-07	1.57E-07	1.44E-07	1.33E-07	1.21E-07	1.10E-07	1.02E-07	9.29E-08	8.91E-08	8.27E-08	7.62E-08	7.08E-08	6.83E-08	6.43E-08	6.28E-08	5.75E-08	5.25E-08	5.05E-08	4.86E-08	4.64E-08	4.50E-08	4.14E-08	3.87E-08	3.75E-08	3.32E-08	3.43E-08	3.22E-08	2.96E-08	2.83E-08	2.57E-08	2.64E-08	2.45E-08	2.26E-08	2.17E-08	1.96E-08	1.92E-08	1.78E-08	1.86E-08	1.89E-08	1.65E-08	1.66E-08	1.62E-08	1.47E-08	1.51E-08	1.45E-08	1.39E-08	1.24E-08
1.02E-07	2.43E-07	2.25E-07	2.08E-07	1.89E-07	1.70E-07	1.56E-07	1.45E-07	1.33E-07	1.21E-07	1.13E-07	1.06E-07	9.95E-08	9.27E-08	8.85E-08	8.62E-08	7.73E-08	7.32E-08	6.99E-08	6.33E-08	6.27E-08	5.94E-08	5.51E-08	5.24E-08	5.12E-08	4.89E-08	4.72E-08	4.48E-08	4.25E-08	3.72E-08	3.80E-08	3.46E-08	3.22E-08	3.34E-08	2.99E-08	3.04E-08	2.96E-08	2.64E-08	2.59E-08	2.52E-08	2.39E-08	2.23E-08	2.22E-08	2.16E-08	1.99E-08	2.03E-08	1.96E-08	1.79E-08	1.87E-08	1.66E-08
1.07E-07	2.82E-07	2.63E-07	2.32E-07	2.20E-07	2.03E-07	1.88E-07	1.78E-07	1.60E-07	1.54E-07	1.35E-07	1.27E-07	1.20E-07	1.14E-07	1.09E-07	1.07E-07	9.72E-08	9.25E-08	8.84E-08	8.13E-08	7.81E-08	7.29E-08	6.94E-08	6.72E-08	6.40E-08	5.99E-08	5.67E-08	5.37E-08	5.52E-08	5.04E-08	4.70E-08	4.31E-08	4.22E-08	4.09E-08	3.96E-08	3.70E-08	3.66E-08	3.47E-08	3.22E-08	3.20E-08	2.97E-08	2.89E-08	2.98E-08	2.84E-08	2.58E-08	2.63E-08	2.60E-08	2.35E-08	2.31E-08	2.17E-08
1.12E-07	3.24E-07	3.01E-07	2.79E-07	2.57E-07	2.42E-07	2.18E-07	2.12E-07	1.92E-07	1.83E-07	1.64E-07	1.54E-07	1.49E-07	1.40E-07	1.32E-07	1.25E-07	1.18E-07	1.13E-07	1.05E-07	1.01E-07	9.68E-08	9.16E-08	9.06E-08	8.15E-08	8.02E-08	7.51E-08	7.21E-08	6.67E-08	6.64E-08	6.27E-08	5.94E-08	5.33E-08	5.57E-08	5.11E-08	5.00E-08	4.81E-08	4.69E-08	4.48E-08	4.22E-08	4.03E-08	3.84E-08	3.78E-08	3.85E-08	3.62E-08	3.48E-08	3.39E-08	3.15E-08	3.08E-08	3.24E-08	2.98E-08
1.17E-07	3.70E-07	3.40E-07	3.14E-07	2.94E-07	2.79E-07	2.60E-07	2.37E-07	2.22E-07	2.15E-07	1.95E-07	1.88E-07	1.73E-07	1.64E-07	1.58E-07	1.45E-07	1.37E-07	1.29E-07	1.29E-07	1.23E-07	1.12E-07	1.09E-07	1.07E-07	1.03E-07	9.46E-08	8.98E-08	8.57E-08	8.56E-08	8.06E-08	7.80E-08	6.98E-08	6.76E-08	6.88E-08	6.35E-08	6.47E-08	6.32E-08	5.65E-08	5.45E-08	5.42E-08	5.16E-08	4.73E-08	4.70E-08	4.69E-08	4.53E-08	4.41E-08	4.16E-08	3.80E-08	4.04E-08	3.82E-08	3.60E-08
1.23E-07	4.15E-07	3.92E-07	3.72E-07	3.52E-07	3.30E-07	3.09E-07	2.87E-07	2.71E-07	2.59E-07	2.34E-07	2.19E-07	2.08E-07	1.97E-07	1.87E-07	1.80E-07	1.70E-07	1.66E-07	1.56E-07	1.41E-07	1.39E-07	1.39E-07	1.33E-07	1.26E-07	1.20E-07	1.13E-07	1.09E-07	1.03E-07	9.80E-08	9.75E-08	9.39E-08	8.75E-08	8.49E-08	7.87E-08	7.89E-08	7.64E-08	7.42E-08	6.98E-08	6.45E-08	6.31E-08	6.06E-08	6.32E-08	5.98E-08	6.00E-08	5.42E-08	5.48E-08	5.09E-08	5.25E-08	4.89E-08	4.93E-08
1.29E-07	4.73E-07	4.48E-07	4.17E-07	3.95E-07	3.83E-07	3.51E-07	3.28E-07	3.11E-07	2.97E-07	2.78E-07	2.60E-07	2.50E-07	2.34E-07	2.25E-07	2.16E-07	2.09E-07	1.91E-07	1.87E-07	1.78E-07	1.73E-07	1.67E-07	1.60E-07	1.52E-07	1.44E-07	1.37E-07	1.34E-07	1.28E-07	1.24E-07	1.18E-07	1.12E-07	1.12E-07	1.03E-07	1.01E-07	9.66E-08	9.45E-08	8.99E-08	8.66E-08	8.39E-08	8.25E-08	7.68E-08	7.89E-08	7.32E-08	7.37E-08	6.93E-08	6.76E-08	6.61E-08	6.09E-08	6.22E-08	5.97E-08
1.35E-07	5.20E-07	4.87E-07	4.73E-07	4.42E-07	4.26E-07	3.94E-07	3.80E-07	3.62E-07	3.46E-07	3.25E-07	3.11E-07	2.81E-07	2.77E-07	2.69E-07	2.49E-07	2.40E-07	2.33E-07	2.25E-07	2.18E-07	2.02E-07	2.00E-07	1.86E-07	1.82E-07	1.69E-07	1.70E-07	1.65E-07	1.54E-07	1.50E-07	1.43E-07	1.37E-07	1.33E-07	1.30E-07	1.25E-07	1.16E-07	1.13E-07	1.06E-07	1.04E-07	1.05E-07	9.63E-08	9.42E-08	9.62E-08	9.10E-08	8.88E-08	8.95E-08	8.24E-08	8.14E-08	7.69E-08	7.92E-08	7.22E-08
1.41E-07	5.61E-07	5.35E-07	5.21E-07	5.05E-07	4.74E-07	4.51E-07	4.33E-07	4.17E-07	3.98E-07	3.73E-07	3.54E-07	3.39E-07	3.16E-07	3.11E-07	2.97E-07	2.77E-07	2.69E-07	2.60E-07	2.44E-07	2.34E-07	2.34E-07	2.20E-07	2.09E-07	2.11E-07	1.94E-07	1.88E-07	1.74E-07	1.78E-07	1.73E-07	1.69E-07	1.56E-07	1.55E-07	1.45E-07	1.39E-07	1.46E-07	1.34E-07	1.31E-07	1.28E-07	1.22E-07	1.15E-07	1.16E-07	1.13E-07	1.12E-07	1.06E-07	1.05E-07	9.53E-08	1.01E-07	9.09E-08	9.11E-08
1.48E-07	6.27E-07	5.90E-07	5.77E-07	5.54E-07	5.25E-07	4.96E-07	4.81E-07	4.72E-07	4.45E-07	4.30E-07	4.04E-07	3.88E-07	3.76E-07	3.63E-07	3.39E-07	3.33E-07	3.15E-07	3.01E-07	2.90E-07	2.87E-07	2.71E-07	2.64E-07	2.56E-07	2.44E-07	2.38E-07	2.33E-07	2.23E-07	2.09E-07	2.04E-07	2.01E-07	1.94E-07	1.89E-07	1.80E-07	1.73E-07	1.68E-07	1.59E-07	1.60E-07	1.51E-07	1.46E-07	1.42E-07	1.42E-07	1.35E-07	1.34E-07	1.34E-07	1.27E-07	1.23E-07	1.20E-07	1.11E-07	1.12E-07
1.55E-07	6.72E-07	6.49E-07	6.30E-07	6.06E-07	5.84E-07	5.62E-07	5.34E-07	5.27E-07	4.94E-07	4.69E-07	4.53E-07	4.41E-07	4.29E-07	4.03E-07	3.94E-07	3.79E-07	3.77E-07	3.55E-07	3.39E-07	3.24E-07	3.15E-07	3.08E-07	2.97E-07	2.86E-07	2.82E-07	2.68E-07	2.55E-07	2.38E-07	2.40E-07	2.32E-07	2.34E-07	2.21E-07	2.13E-07	2.08E-07	2.06E-07	1.94E-07	1.90E-07	1.84E-07	1.79E-07	1.71E-07	1.70E-07	1.60E-07	1.60E-07	1.54E-07	1.47E-07	1.49E-07	1.43E-07	1.39E-07	1.38E-07
1.62E-07	7.08E-07	6.87E-07	6.95E-07	6.61E-07	6.46E-07	6.22E-07	5.85E-07	5.81E-07	5.67E-07	5.20E-07	5.18E-07	4.87E-07	4.70E-07	4.67E-07	4.40E-07	4.42E-07	4.31E-07	3.97E-07	3.86E-07	3.83E-07	3.57E-07	3.55E-07	3.40E-07	3.33E-07	3.16E-07	3.09E-07	2.96E-07	2.85E-07	2.84E-07	2.72E-07	2.72E-07	2.61E-07	2.56E-07	2.41E-07	2.33E-07	2.29E-07	2.26E-07	2.15E-07	2.09E-07	2.01E-07	2.02E-07	1.94E-07	1.93E-07	1.86E-07	1.84E-07	1.68E-07	1.66E-07	1.62E-07	1.66E-07
1.70E-07	7.28E-07	7.25E-07	7.08E-07	7.03E-07	6.79E-07	6.63E-07	6.49E-07	6.37E-07	6.06E-07	5.83E-07	5.65E-07	5.53E-07	5.38E-07	5.23E-07	4.98E-07	4.87E-07	4.72E-07	4.58E-07	4.41E-07	4.30E-07	4.13E-07	4.08E-07	3.88E-07	3.87E-07	3.69E-07	3.68E-07	3.60E-07	3.36E-07	3.21E-07	3.21E-07	3.16E-07	3.03E-07	3.01E-07	2.84E-07	2.78E-07	2.68E-07	2.65E-07	2.54E-07	2.55E-07	2.45E-07	2.33E-07	2.33E-07	2.27E-07	2.25E-07	2.12E-07	2.07E-07	2.02E-07	1.86E-07	1.85E-07
1.78E-07	7.62E-07	7.44E-07	7.46E-07	7.32E-07	7.34E-07	7.14E-07	6.91E-07	6.72E-07	6.51E-07	6.45E-07	6.29E-07	6.09E-07	5.93E-07	5.82E-07	5.65E-07	5.45E-07	5.34E-07	5.21E-07	4.91E-07	4.86E-07	4.67E-07	4.51E-07	4.47E-07	4.26E-07	4.20E-07	4.10E-07	4.19E-07	3.82E-07	3.81E-07	3.69E-07	3.71E-07	3.51E-07	3.38E-07	3.26E-07	3.20E-07	3.20E-07	3.04E-07	2.93E-07	2.93E-07	2.90E-07	2.72E-07	2.70E-07	2.60E-07	2.55E-07	2.46E-07	2.49E-07	2.30E-07	2.32E-07	2.28E-07
1.86E-07	7.64E-07	7.61E-07	7.64E-07	7.53E-07	7.65E-07	7.44E-07	7.34E-07	7.11E-07	7.22E-07	6.90E-07	6.81E-07	6.72E-07	6.33E-07	6.37E-07	6.16E-07	6.05E-07	5.90E-07	5.64E-07	5.48E-07	5.45E-07	5.08E-07	5.02E-07	4.97E-07	4.82E-07	4.75E-07	4.53E-07	4.56E-07	4.45E-07	4.47E-07	4.07E-07	4.13E-07	4.00E-07	3.97E-07	3.70E-07	3.68E-07	3.66E-07	3.60E-07	3.49E-07	3.32E-07	3.31E-07	3.19E-07	3.17E-07	3.01E-07	3.00E-07	2.84E-07	2.81E-07	2.65E-07	2.69E-07	2.77E-07
1.95E-07	7.56E-07	7.55E-07	7.80E-07	7.86E-07	7.62E-07	7.72E-07	7.88E-07	7.50E-07	7.39E-07	7.25E-07	7.07E-07	7.08E-07	6.67E-07	6.73E-07	6.36E-07	6.37E-07	6.41E-07	6.22E-07	5.96E-07	5.65E-07	5.68E-07	5.50E-07	5.49E-07	5.24E-07	5.42E-07	5.21E-07	4.99E-07	4.84E-07	4.84E-07	4.55E-07	4.56E-07	4.45E-07	4.34E-07	4.38E-07	4.30E-07	4.19E-07	3.95E-07	3.93E-07	3.80E-07	3.84E-07	3.68E-07	3.54E-07	3.57E-07	3.38E-07	3.39E-07	3.31E-07	3.21E-07	3.12E-07	3.09E-07
2.04E-07	7.38E-07	7.56E-07	7.69E-07	7.74E-07	7.80E-07	7.85E-07	7.69E-07	7.87E-07	7.65E-07	7.59E-07	7.38E-07	7.45E-07	7.21E-07	7.05E-07	6.82E-07	6.91E-07	6.82E-07	6.78E-07	6.48E-07	6.32E-07	6.08E-07	6.21E-07	6.07E-07	5.80E-07	5.64E-07	5.65E-07	5.51E-07	5.26E-07	5.27E-07	5.21E-07	5.08E-07	4.97E-07	4.76E-07	4.76E-07	4.69E-07	4.47E-07	4.52E-07	4.37E-07	4.14E-07	4.31E-07	4.10E-07	4.04E-07	3.87E-07	3.85E-07	3.78E-07	3.52E-07	3.66E-07	3.58E-07	3.42E-07
2.14E-07	7.06E-07	7.25E-07	7.63E-07	7.55E-07	7.81E-07	7.84E-07	7.92E-07	7.82E-07	7.64E-07	7.62E-07	7.61E-07	7.66E-07	7.55E-07	7.45E-07	7.33E-07	7.20E-07	7.04E-07	6.85E-07	6.85E-07	6.79E-07	6.61E-07	6.55E-07	6.49E-07	6.23E-07	6.18E-07	6.11E-07	6.07E-07	5.74E-07	5.86E-07	5.77E-07	5.54E-07	5.45E-07	5.41E-07	5.26E-07	4.99E-07	5.14E-07	4.85E-07	4.77E-07	4.69E-07	4.68E-07	4.56E-07	4.42E-07	4.45E-07	4.27E-07	4.17E-07	4.04E-07	4.16E-07	3.93E-07	4.00E-07
2.24E-07	6.61E-07	6.84E-07	7.25E-07	7.36E-07	7.57E-07	7.55E-07	7.82E-07	7.74E-07	7.83E-07	7.70E-07	7.78E-07	7.64E-07	7.48E-07	7.75E-07	7.40E-07	7.27E-07	7.33E-07	7.16E-07	7.04E-07	6.82E-07	6.86E-07	6.67E-07	6.85E-07	6.72E-07	6.71E-07	6.42E-07	6.60E-07	6.26E-07	6.15E-07	6.04E-07	5.90E-07	5.85E-07	5.95E-07	5.50E-07	5.34E-07	5.45E-07	5.33E-07	5.31E-07	5.06E-07	4.89E-07	5.03E-07	4.76E-07	4.72E-07	4.78E-07	4.48E-07	4.57E-07	4.54E-07	4.51E-07	4.33E-07
2.34E-07	5.95E-07	6.62E-07	6.64E-07	6.87E-07	7.11E-07	7.49E-07	7.36E-07	7.35E-07	7.58E-07	7.72E-07	7.39E-07	7.65E-07	7.57E-07	7.39E-07	7.50E-07	7.59E-07	7.63E-07	7.34E-07	7.19E-07	7.36E-07	7.24E-07	7.07E-07	7.06E-07	6.84E-07	6.68E-07	6.75E-07	6.55E-07	6.50E-07	6.49E-07	6.38E-07	6.25E-07	6.15E-07	5.98E-07	5.92E-07	5.94E-07	5.93E-07	5.82E-07	5.74E-07	5.57E-07	5.52E-07	5.52E-07	5.27E-07	5.15E-07	5.04E-07	4.93E-07	4.84E-07	4.65E-07	4.61E-07	4.63E-07
2.45E-07	5.58E-07	5.96E-07	6.17E-07	6.21E-07	6.68E-07	6.92E-07	7.02E-07	7.01E-07	7.29E-07	7.58E-07	7.19E-07	7.40E-07	7.32E-07	7.29E-07	7.34E-07	7.38E-07	7.21E-07	7.34E-07	7.27E-07	7.13E-07	7.26E-07	7.30E-07	6.98E-07	7.02E-07	6.93E-07	6.82E-07	6.70E-07	6.68E-07	6.73E-07	6.73E-07	6.57E-07	6.36E-07	6.37E-07	6.32E-07	5.99E-07	6.04E-07	6.08E-07	5.83E-07	5.84E-07	5.76E-07	5.58E-07	5.54E-07	5.38E-07	5.37E-07	5.36E-07	5.24E-07	5.29E-07	5.05E-07	4.99E-07
2.57E-07	4.89E-07	5.10E-07	5.32E-07	5.64E-07	5.77E-07	6.20E-07	6.45E-07	6.47E-07	6.50E-07	6.89E-07	6.85E-07	6.65E-07	7.08E-07	6.89E-07	7.02E-07	6.87E-07	6.97E-07	6.91E-07	7.19E-07	6.89E-07	6.96E-07	6.94E-07	6.97E-07	6.58E-07	7.06E-07	6.75E-07	6.64E-07	6.65E-07	6.73E-07	6.57E-07	6.38E-07	6.47E-07	6.32E-07	6.23E-07	6.30E-07	6.17E-07	6.04E-07	5.90E-07	5.98E-07	5.86E-07	5.62E-07	5.60E-07	5.58E-07	5.41E-07	5.37E-07	5.22E-07	5.44E-07	5.39E-07	5.31E-07
2.69E-07	4.20E-07	4.35E-07	4.80E-07	4.67E-07	5.49E-07	5.36E-07	5.66E-07	5.94E-07	6.19E-07	6.18E-07	6.26E-07	6.18E-07	6.30E-07	6.54E-07	6.35E-07	6.56E-07	6.72E-07	6.63E-07	6.78E-07	6.56E-07	6.64E-07	6.80E-07	6.67E-07	6.86E-07	6.78E-07	6.66E-07	6.59E-07	6.59E-07	6.61E-07	6.24E-07	6.30E-07	6.17E-07	6.16E-07	6.58E-07	6.41E-07	6.21E-07	6.29E-07	5.92E-07	6.10E-07	6.06E-07	5.70E-07	5.64E-07	5.58E-07	5.52E-07	5.45E-07	5.46E-07	5.51E-07	5.61E-07	5.10E-07
2.82E-07	3.39E-07	3.54E-07	3.91E-07	4.04E-07	4.35E-07	4.51E-07	4.88E-07	5.25E-07	5.29E-07	5.23E-07	5.52E-07	5.76E-07	5.87E-07	5.65E-07	5.72E-07	5.75E-07	5.90E-07	5.82E-07	6.05E-07	6.13E-07	6.11E-07	6.25E-07	6.19E-07	5.95E-07	6.29E-07	6.31E-07	6.02E-07	5.93E-07	6.39E-07	6.12E-07	6.06E-07	6.01E-07	5.79E-07	6.04E-07	6.04E-07	5.92E-07	6.20E-07	5.74E-07	5.81E-07	5.61E-07	5.42E-07	5.52E-07	5.51E-07	5.52E-07	5.37E-07	5.44E-07	5.28E-07	5.42E-07	5.21E-07
2.95E-07	2.75E-07	3.04E-07	3.36E-07	3.46E-07	3.64E-07	3.82E-07	4.19E-07	4.12E-07	4.46E-07	4.54E-07	4.61E-07	4.81E-07	5.07E-07	4.72E-07	5.02E-07	5.10E-07	5.11E-07	5.21E-07	5.52E-07	5.64E-07	5.22E-07	5.54E-07	5.55E-07	5.65E-07	5.59E-07	5.62E-07	5.39E-07	5.39E-07	5.76E-07	5.63E-07	5.71E-07	5.68E-07	5.47E-07	5.68E-07	5.79E-07	5.62E-07	5.84E-07	5.32E-07	5.63E-07	5.35E-07	5.22E-07	5.26E-07	5.39E-07	5.32E-07	5.03E-07	5.21E-07	5.21E-07	5.12E-07	4.95E-07
3.09E-07	2.25E-07	2.55E-07	2.58E-07	2.75E-07	2.93E-07	3.02E-07	3.24E-07	3.40E-07	3.61E-07	3.74E-07	3.90E-07	4.00E-07	4.38E-07	4.07E-07	4.24E-07	4.23E-07	4.28E-07	4.47E-07	4.63E-07	4.81E-07	4.55E-07	4.85E-07	5.02E-07	4.70E-07	5.03E-07	5.07E-07	5.07E-07	5.02E-07	4.82E-07	5.19E-07	5.09E-07	5.21E-07	5.27E-07	5.06E-07	5.13E-07	5.14E-07	5.19E-07	4.99E-07	4.99E-07	5.13E-07	4.78E-07	5.12E-07	4.87E-07	4.85E-07	4.70E-07	4.50E-07	4.81E-07	4.95E-07	4.66E-07
3.24E-07	1.63E-07	2.01E-07	2.22E-07	2.24E-07	2.58E-07	2.65E-07	2.72E-07	2.64E-07	2.98E-07	3.12E-07	3.10E-07	3.46E-07	3.23E-07	3.42E-07	3.64E-07	3.50E-07	3.81E-07	4.03E-07	3.89E-07	4.14E-07	4.26E-07	4.26E-07	4.02E-07	4.24E-07	4.50E-07	4.48E-07	4.09E-07	4.15E-07	4.27E-07	4.48E-07	4.46E-07	4.50E-07	4.57E-07	4.44E-07	4.74E-07	4.43E-07	4.77E-07	4.40E-07	4.69E-07	4.46E-07	4.62E-07	4.22E-07	4.24E-07	4.36E-07	4.10E-07	4.45E-07	4.34E-07	4.36E-07	4.44E-07
3.39E-07	1.50E-07	1.57E-07	1.72E-07	1.85E-07	1.94E-07	2.10E-07	2.26E-07	2.23E-07	2.41E-07	2.58E-07	2.59E-07	2.65E-07	2.74E-07	2.58E-07	2.92E-07	2.85E-07	3.02E-07	3.06E-07	3.36E-07	3.48E-07	3.71E-07	3.55E-07	3.51E-07	3.58E-07	3.83E-07	3.67E-07	3.45E-07	3.60E-07	3.82E-07	3.83E-07	3.78E-07	3.87E-07	3.81E-07	3.90E-07	4.14E-07	3.99E-07	3.98E-07	4.19E-07	4.00E-07	4.07E-07	4.11E-07	3.77E-07	3.85E-07	4.04E-07	3.77E-07	4.12E-07	3.97E-07	3.87E-07	3.76E-07
3.55E-07	1.13E-07	1.27E-07	1.33E-07	1.65E-07	1.69E-07	1.65E-07	1.71E-07	1.76E-07	1.84E-07	1.98E-07	1.96E-07	1.87E-07	2.27E-07	2.15E-07	2.16E-07	2.28E-07	2.47E-07	2.69E-07	2.78E-07	2.93E-07	2.83E-07	2.93E-07	3.01E-07	3.21E-07	3.04E-07	3.06E-07	2.76E-07	2.88E-07	2.94E-07	3.12E-07	3.30E-07	3.30E-07	3.29E-07	3.41E-07	3.36E-07	3.35E-07	3.27E-07	3.62E-07	3.58E-07	3.54E-07	3.64E-07	3.19E-07	3.36E-07	3.42E-07	3.56E-07	3.60E-07	3.55E-07	3.42E-07	3.37E-07
3.72E-07	1.09E-07	9.30E-08	1.11E-07	1.14E-07	1.27E-07	1.23E-07	1.45E-07	1.49E-07	1.49E-07	1.37E-07	1.72E-07	1.75E-07	1.82E-07	1.36E-07	1.72E-07	1.89E-07	1.81E-07	2.21E-07	2.10E-07	2.22E-07	2.24E-07	2.32E-07	2.18E-07	2.53E-07	2.51E-07	2.53E-07	2.13E-07	2.48E-07	2.48E-07	2.63E-07	2.91E-07	2.59E-07	2.67E-07	2.89E-07	2.96E-07	2.75E-07	2.80E-07	3.18E-07	2.99E-07	3.05E-07	3.15E-07	2.54E-07	3.03E-07	2.76E-07	3.34E-07	2.73E-07	2.90E-07	3.11E-07	2.92E-07
3.89E-07	9.48E-08	7.61E-08	9.83E-08	1.07E-07	1.14E-07	1.23E-07	1.08E-07	1.29E-07	1.30E-07	1.39E-07	1.49E-07	1.27E-07	1.36E-07	1.44E-07	1.24E-07	1.46E-07	1.66E-07	1.66E-07	1.75E-07	1.86E-07	1.76E-07	2.00E-07	1.94E-07	2.01E-07	2.00E-07	2.02E-07	1.81E-07	1.70E-07	2.01E-07	2.35E-07	2.27E-07	2.04E-07	2.24E-07	2.45E-07	2.41E-07	2.57E-07	2.31E-07	2.13E-07	2.49E-07	2.33E-07	2.20E-07	2.32E-07	2.40E-07	2.60E-07	2.51E-07	2.44E-07	2.66E-07	2.64E-07	2.54E-07
4.07E-07	6.28E-08	7.47E-08	7.95E-08	9.99E-08	8.93E-08	1.06E-07	9.02E-08	9.33E-08	1.04E-07	1.07E-07	1.21E-07	1.00E-07	1.30E-07	1.36E-07	1.06E-07	1.25E-07	1.30E-07	1.45E-07	1.37E-07	1.54E-07	1.36E-07	1.70E-07	1.69E-07	1.60E-07	1.67E-07	1.69E-07	1.50E-07	1.45E-07	1.75E-07	1.74E-07	1.85E-07	1.66E-07	1.98E-07	1.89E-07	2.05E-07	2.15E-07	1.97E-07	2.13E-07	2.24E-07	1.97E-07	1.77E-07	2.08E-07	1.98E-07	2.16E-07	1.98E-07	2.07E-07	2.05E-07	2.03E-07	2.02E-07
4.27E-07	5.68E-08	6.97E-08	7.82E-08	7.58E-08	8.66E-08	9.29E-08	8.08E-08	9.37E-08	8.54E-08	7.40E-08	8.07E-08	9.54E-08	1.12E-07	1.05E-07	9.35E-08	9.54E-08	1.05E-07	1.08E-07	1.35E-07	1.08E-07	1.18E-07	1.22E-07	1.31E-07	1.26E-07	1.26E-07	1.43E-07	1.13E-07	1.23E-07	1.45E-07	1.24E-07	1.17E-07	1.42E-07	1.70E-07	1.40E-07	1.48E-07	1.56E-07	1.69E-07	1.80E-07	1.59E-07	1.87E-07	1.38E-07	1.62E-07	1.41E-07	1.77E-07	1.72E-07	1.74E-07	1.54E-07	1.60E-07	1.59E-07
4.47E-07	6.44E-08	5.70E-08	5.17E-08	7.72E-08	7.07E-08	7.57E-08	6.64E-08	9.13E-08	7.59E-08	9.15E-08	7.46E-08	6.33E-08	6.30E-08	5.55E-08	1.06E-07	7.10E-08	9.16E-08	1.15E-07	8.58E-08	8.70E-08	9.71E-08	1.01E-07	9.28E-08	1.10E-07	1.14E-07	9.69E-08	1.04E-07	1.01E-07	9.47E-08	1.11E-07	1.07E-07	1.27E-07	1.22E-07	1.39E-07	1.28E-07	1.20E-07	1.25E-07	1.05E-07	1.52E-07	1.35E-07	1.11E-07	1.27E-07	1.14E-07	1.23E-07	1.24E-07	1.57E-07	1.51E-07	1.30E-07	1.54E-07
4.68E-07	6.24E-08	6.25E-08	6.27E-08	5.68E-08	8.29E-08	6.00E-08	6.73E-08	5.69E-08	8.61E-08	5.85E-08	7.09E-08	4.76E-08	6.46E-08	5.46E-08	7.90E-08	7.44E-08	7.50E-08	9.50E-08	8.50E-08	7.51E-08	7.48E-08	1.01E-07	1.04E-07	7.81E-08	7.82E-08	8.56E-08	6.16E-08	7.71E-08	7.24E-08	8.06E-08	9.93E-08	1.01E-07	1.06E-07	1.02E-07	1.01E-07	1.04E-07	9.78E-08	9.72E-08	1.22E-07	1.16E-07	8.05E-08	1.02E-07	9.50E-08	1.20E-07	1.01E-07	1.23E-07	1.15E-07	1.19E-07	1.27E-07
4.90E-07	8.38E-08	5.76E-08	7.06E-08	7.05E-08	7.06E-08	7.89E-08	7.51E-08	5.34E-08	6.84E-08	6.55E-08	6.47E-08	3.92E-08	5.10E-08	6.54E-08	7.31E-08	6.41E-08	7.72E-08	7.64E-08	7.75E-08	7.67E-08	7.63E-08	8.62E-08	7.67E-08	7.52E-08	5.55E-08	6.84E-08	4.97E-08	6.37E-08	7.14E-08	5.66E-08	9.55E-08	1.09E-07	8.62E-08	9.84E-08	1.04E-07	9.57E-08	9.46E-08	7.35E-08	9.74E-08	1.15E-07	7.06E-08	8.05E-08	9.02E-08	7.62E-08	9.31E-08	1.03E-07	1.06E-07	9.57E-08	8.56E-08
5.13E-07	5.54E-08	7.91E-08	6.73E-08	7.11E-08	8.26E-08	6.04E-08	6.48E-08	8.15E-08	5.34E-08	7.50E-08	4.45E-08	4.16E-08	2.71E-08	8.18E-08	5.73E-08	6.63E-08	6.78E-08	8.41E-08	6.98E-08	5.99E-08	6.62E-08	7.06E-08	5.39E-08	8.02E-08	6.01E-08	5.07E-08	7.63E-08	7.17E-08	9.26E-08	8.48E-08	9.40E-08	8.33E-08	7.35E-08	8.77E-08	7.83E-08	9.51E-08	5.36E-08	7.24E-08	5.94E-08	6.42E-08	7.44E-08	7.97E-08	5.80E-08	7.22E-08	8.91E-08	8.66E-08	7.23E-08	4.99E-08	8.31E-08
5.37E-07	7.90E-08	5.41E-08	6.22E-08	5.95E-08	6.37E-08	5.29E-08	5.57E-08	4.76E-08	6.38E-08	3.92E-08	4.60E-08	3.16E-08	3.79E-08	4.87E-08	6.26E-08	6.28E-08	7.13E-08	6.81E-08	6.01E-08	4.88E-08	7.44E-08	6.70E-08	5.89E-08	5.58E-08	5.56E-08	6.58E-08	5.78E-08	7.77E-08	4.33E-08	7.80E-08	5.71E-08	7.15E-08	6.92E-08	6.48E-08	6.73E-08	5.91E-08	6.82E-08	6.08E-08	4.94E-08	6.28E-08	4.57E-08	7.18E-08	8.56E-08	4.44E-08	6.57E-08	6.81E-08	9.26E-08	7.66E-08	5.90E-08
5.62E-07	7.71E-08	6.25E-08	4.08E-08	4.83E-08	5.67E-08	6.42E-08	5.40E-08	6.12E-08	3.76E-08	5.41E-08	4.80E-08	3.96E-08	3.33E-08	4.86E-08	6.71E-08	5.29E-08	6.34E-08	6.08E-08	6.23E-08	7.25E-08	4.45E-08	6.55E-08	5.81E-08	7.68E-08	5.68E-08	5.62E-08	5.81E-08	6.13E-08	4.68E-08	6.31E-08	6.20E-08	7.77E-08	4.50E-08	5.35E-08	6.74E-08	5.82E-08	5.99E-08	5.79E-08	5.45E-08	4.10E-08	4.70E-08	6.47E-08	5.85E-08	3.73E-08	7.72E-08	6.77E-08	5.42E-08	8.51E-08	8.44E-08
5.89E-07	6.43E-08	7.61E-08	4.21E-08	5.32E-08	5.02E-08	5.91E-08	7.20E-08	7.10E-08	5.49E-08	5.71E-08	4.45E-08	3.09E-08	3.46E-08	5.48E-08	6.87E-08	6.71E-08	4.79E-08	8.13E-08	6.54E-08	6.11E-08	5.42E-08	7.54E-08	2.64E-08	4.60E-08	5.05E-08	3.41E-08	6.44E-08	4.48E-08	6.22E-08	5.66E-08	6.34E-08	4.32E-08	4.08E-08	5.94E-08	3.68E-08	5.84E-08	4.94E-08	5.19E-08	3.80E-08	2.36E-08	3.70E-08	5.63E-08	3.31E-08	6.22E-08	6.57E-08	5.34E-08	7.18E-08	5.90E-08	4.46E-08
6.17E-07	7.77E-08	7.16E-08	5.88E-08	6.32E-08	3.17E-08	2.35E-08	5.65E-08	4.93E-08	4.56E-08	4.42E-08	1.47E-08	3.76E-08	1.08E-08	7.09E-08	4.79E-08	5.29E-08	6.67E-08	5.77E-08	3.51E-08	5.50E-08	6.24E-08	4.97E-08	6.15E-08	9.01E-08	6.23E-08	3.17E-08	4.08E-08	1.11E-07	5.86E-08	8.84E-08	3.69E-08	3.77E-08	3.83E-08	8.62E-08	7.33E-08	5.20E-08	5.54E-08	3.95E-08	4.28E-08	2.99E-08	5.68E-08	5.41E-08	3.82E-08	6.58E-08	5.23E-08	7.87E-08	5.55E-08	8.26E-08	5.84E-08
6.46E-07	7.89E-08	7.20E-08	7.05E-08	6.67E-08	5.00E-08	5.44E-08	3.69E-08	3.81E-08	3.68E-08	5.73E-08	4.98E-08	4.45E-08	1.27E-08	4.91E-08	6.10E-08	6.80E-08	5.29E-08	6.21E-08	7.19E-08	4.78E-08	6.44E-08	2.80E-08	6.68E-08	3.35E-08	2.89E-08	4.07E-08	6.61E-08	6.33E-08	6.08E-08	6.14E-08	4.68E-08	6.04E-08	7.01E-08	5.27E-08	6.65E-08	6.15E-08	3.96E-08	4.64E-08	4.83E-08	2.20E-08	5.34E-08	5.42E-08	5.14E-08	5.06E-08	5.42E-08	4.09E-08	4.79E-08	4.89E-08	3.13E-08
6.76E-07	9.28E-08	9.95E-08	6.43E-08	5.55E-08	4.42E-08	3.65E-08	6.12E-08	5.12E-08	2.93E-08	3.59E-08	4.97E-08	2.01E-08	2.19E-08	7.13E-08	9.75E-08	5.90E-08	4.37E-08	5.03E-08	3.57E-08	5.40E-08	5.25E-08	2.69E-08	5.10E-08	4.09E-08	4.46E-08	2.93E-08	6.36E-08	6.72E-08	8.10E-08	4.00E-08	6.83E-08	4.98E-08	7.17E-08	4.48E-08	4.25E-08	6.21E-08	3.94E-08	3.39E-08	2.47E-08	2.30E-08	4.16E-08	3.30E-08	3.31E-08	5.49E-08	6.06E-08	2.36E-08	5.01E-08	3.54E-08	3.80E-08
7.08E-07	1.03E-07	5.78E-08	8.41E-08	1.29E-08	7.98E-08	6.60E-08	7.71E-08	6.10E-08	8.06E-08	4.98E-08	7.67E-08	7.50E-10	2.80E-08	4.05E-08	1.05E-07	6.70E-08	6.84E-08	8.20E-08	2.49E-08	2.42E-08	6.72E-08	7.06E-08	6.70E-08	4.98E-08	4.42E-08	1.76E-08	2.94E-08	3.14E-08	2.35E-08	4.94E-08	3.95E-08	8.09E-08	5.33E-08	4.06E-08	5.90E-08	2.96E-08	3.64E-08	5.67E-08	1.69E-08	4.79E-08	5.07E-08	6.22E-08	9.59E-08	5.21E-08	6.06E-08	5.67E-08	3.73E-08	3.52E-08	5.02E-08
7.41E-07	1.00E-07	4.46E-08	4.96E-08	2.32E-08	3.32E-08	5.71E-08	2.94E-08	5.97E-08	3.75E-08	7.98E-08	1.97E-08	5.33E-08	2.59E-08	6.33E-08	7.65E-08	8.88E-08	9.96E-08	5.97E-08	5.87E-08	4.74E-08	1.15E-07	7.29E-08	4.35E-08	2.32E-08	1.96E-08	5.76E-08	6.06E-08	4.90E-08	4.01E-08	7.22E-08	5.42E-08	3.12E-08	9.98E-09	6.15E-08	4.28E-08	3.12E-08	2.95E-08	1.96E-08	4.71E-08	1.60E-08	3.55E-08	6.13E-08	4.28E-08	9.68E-08	4.35E-08	8.27E-08	8.17E-08	3.91E-08	4.53E-08
7.76E-07	6.95E-08	8.05E-08	5.46E-08	6.55E-08	9.83E-08	5.25E-08	6.20E-08	5.28E-08	3.80E-08	2.11E-08	2.90E-08	4.00E-08	1.75E-08	6.30E-08	1.03E-07	6.21E-08	5.61E-08	7.78E-08	8.46E-08	9.19E-08	3.68E-08	6.85E-08	2.05E-08	2.40E-08	3.15E-08	3.26E-08	5.85E-08	6.60E-08	6.27E-08	7.91E-08	7.78E-08	6.00E-08	4.68E-08	5.88E-08	4.70E-08	2.95E-08	5.70E-08	2.85E-08	2.40E-08	5.49E-09	4.96E-08	4.55E-08	5.25E-08	4.95E-08	5.05E-08	6.35E-08	4.41E-08	5.06E-08	1.53E-08
8.13E-07	1.09E-07	1.26E-07	7.60E-08	7.52E-08	3.41E-08	8.19E-08	7.72E-08	8.03E-08	6.45E-08	2.39E-08	2.71E-08	3.34E-08	3.18E-09	9.15E-08	1.15E-07	1.23E-07	6.13E-08	5.81E-08	8.63E-08	5.25E-08	4.06E-08	3.26E-08	3.03E-08	3.10E-08	4.70E-08	2.71E-08	4.06E-08	7.72E-08	1.14E-07	3.98E-08	6.52E-08	7.72E-08	3.89E-08	4.41E-08	4.77E-08	2.39E-08	2.94E-08	5.09E-08	0	1.35E-08	4.38E-08	7.80E-08	3.02E-08	5.73E-08	4.30E-08	3.66E-08	5.61E-08	6.84E-08	6.36E-08
8.51E-07	0	0	0	0	0	0	0	0	0	0	0	0	0	0	0	0	0	0	0	0	0	0	0	0	0	0	0	0	0	0	0	0	0	0	0	0	0	0	0	0	0	0	0	0	0	0	0	0	0
8.91E-07	0	0	0	0	0	0	0	0	0	0	0	0	0	0	0	0	0	0	0	0	0	0	0	0	0	0	0	0	0	0	0	0	0	0	0	0	0	0	0	0	0	0	0	0	0	0	0	0	0
9.33E-07	0	0	0	0	0	0	0	0	0	0	0	0	0	0	0	0	0	0	0	0	0	0	0	0	0	0	0	0	0	0	0	0	0	0	0	0	0	0	0	0	0	0	0	0	0	0	0	0	0
9.77E-07	0	0	0	0	0	0	0	0	0	0	0	0	0	0	0	0	0	0	0	0	0	0	0	0	0	0	0	0	0	0	0	0	0	0	0	0	0	0	0	0	0	0	0	0	0	0	0	0	0
