#     dens (kg/m^3)   ions in soln (1)    molec wght (kg/mole)   kappa (1)        surface tension (J m^{-2})                      
SO4            1800                0                   96d-3      0.65            0.073                  
NO3            1800                0                   62d-3      0.65            0.073                  
Cl             2200                0                   35.5d-3    1.28            0.073                 
NH4            1800                0                   18d-3      0.65            0.073                 
MSA            1800                0                   95d-3      0.53            0.03                  
ARO1           1400                0                   150d-3     0.1             0.03                
ARO2           1400                0                   150d-3     0.1             0.03                 
ALK1           1400                0                   140d-3     0.1             0.03                 
OLE1           1400                0                   140d-3     0.1             0.03                 
API1           1400                0                   184d-3     0.1             0.03                 
API2           1400                0                   184d-3     0.1             0.03                 
LIM1           1400                0                   200d-3     0.1             0.03                 
LIM2           1400                0                   200d-3     0.1             0.03                 
CO3            2600                0                   60d-3      0.53            0.073                   
Na             2200                0                   23d-3      1.28            0.073                    
Ca             2600                0                   40d-3      0.53            0.073                   
OIN            2600                0                   1d-3       0.1             0                 
OC             1000                0                   1d-3       0.001           0.03                   
BC             1800                0                   1d-3       0               0               
H2O            1000                0                   18d-3      0               0.073