# time (s)
# rate = scaling parameter
# emissions (mol m^{-2} s^{-1})
time            0             3600         7200         10800         14400         18000        21600       25200        28800     32400     36000     39600     43200     46800     50400     54000     57600     61200     64800     68400     72000     75600     79200     82800     90000    93600    97200    100800    104400    108000
rate      0.5    0.5      0.5    0.5    0.5     0.5     0.5     0.5    0.5  0.5    0.5   0.5   0    0    0   0   0     0      0     0     0     0     0     0	0	0	0	0	0	0     
#rate      0.8    0.8      0.8    0.8    0.8     0.8     0.8     0.8    0.8  0.8    0.8   0.8   0    0    0   0   0     0      0     0     0     0     0     0 
#rate            1        1           1         1            1           1           1           1          1        1          1         1        0        0         0          0         0          0          0          0        0          0          0         0     0     0     0     0     0     0
A    4.234E-09   5.481E-09   5.089E-09   5.199E-09   5.221E-09   5.284E-09   5.244E-09   5.280E-09   5.560E-09   5.343E-09   4.480E-09   3.858E-09   3.823E-09   3.607E-09   3.533E-09   3.438E-09   2.866E-09   2.667E-09   2.636E-09   2.573E-09   2.558E-09   2.573E-09   2.715E-09   3.170E-09   4.234E-09   5.481E-09   5.089E-09   5.199E-09   5.221E-09   5.284E-09 
B    3.024E-09   3.334E-09   3.063E-09   3.281E-09   3.372E-09   3.523E-09   3.402E-09   3.551E-09   3.413E-09   3.985E-09   3.308E-09   2.933E-09   2.380E-09   1.935E-09   1.798E-09   1.537E-09   9.633E-10   8.873E-10   7.968E-10   6.156E-10   5.920E-10   6.320E-10   9.871E-10   1.901E-09   .024E-09   3.334E-09   3.063E-09   3.281E-09   3.372E-09   3.523E-09
C	5.749E-08   6.338E-08   5.825E-08   6.237E-08   6.411E-08   6.699E-08   6.468E-08   6.753E-08   6.488E-08   7.575E-08   6.291E-08   5.576E-08   4.524E-08   3.679E-08   3.419E-08   2.924E-08   1.832E-08   1.687E-08   1.515E-08   1.171E-08   1.125E-08   1.202E-08   1.877E-08   3.615E-08   5.749E-08   6.338E-08   5.825E-08   6.237E-08   6.411E-08   6.699E-08
