0	7.892E+10
120	7.696E+10
240	7.491E+10
360	7.337E+10
480	7.124E+10
600	6.959E+10
720	6.797E+10
840	6.634E+10
960	6.482E+10
1080	6.345E+10
1200	6.166E+10
1320	6.041E+10
1440	5.871E+10
1560	5.761E+10
1680	5.648E+10
1800	5.531E+10
1920	5.405E+10
2040	5.276E+10
2160	5.174E+10
2280	5.048E+10
2400	4.942E+10
2520	4.866E+10
2640	4.737E+10
2760	4.648E+10
2880	4.568E+10
3000	4.470E+10
3120	4.378E+10
3240	4.296E+10
3360	4.201E+10
3480	4.123E+10
3600	4.047E+10
3720	3.977E+10
3840	3.904E+10
3960	3.833E+10
4080	3.757E+10
4200	3.688E+10
4320	3.611E+10
4440	3.542E+10
4560	3.479E+10
4680	3.417E+10
4800	3.347E+10
4920	3.294E+10
5040	3.240E+10
5160	3.173E+10
5280	3.120E+10
5400	3.069E+10
5520	3.002E+10
5640	2.960E+10
5760	2.915E+10
5880	2.869E+10
6000	2.807E+10
6120	2.752E+10
6240	2.723E+10
6360	2.666E+10
6480	2.630E+10
6600	2.573E+10
6720	2.539E+10
6840	2.497E+10
6960	2.445E+10
7080	2.419E+10
7200	2.371E+10
7320	2.326E+10
7440	2.292E+10
7560	2.246E+10
7680	2.211E+10
7800	2.179E+10
7920	2.138E+10
8040	2.111E+10
8160	2.079E+10
8280	2.036E+10
8400	2.005E+10
8520	1.981E+10
8640	1.940E+10
8760	1.918E+10
8880	1.880E+10
9000	1.858E+10
9120	1.833E+10
9240	1.792E+10
9360	1.775E+10
9480	1.741E+10
9600	1.718E+10
9720	1.691E+10
9840	1.665E+10
9960	1.641E+10
10080	1.605E+10
10200	1.582E+10
10320	1.561E+10
10440	1.530E+10
10560	1.516E+10
10680	1.481E+10
10800	1.464E+10
10920	1.440E+10
11040	1.426E+10
11160	1.399E+10
11280	1.379E+10
11400	1.361E+10
11520	1.353E+10
11640	1.322E+10
11760	1.301E+10
11880	1.280E+10
12000	1.266E+10
12120	1.244E+10
12240	1.230E+10
12360	1.210E+10
12480	1.195E+10
12600	1.170E+10
12720	1.150E+10
12840	1.146E+10
12960	1.124E+10
13080	1.106E+10
13200	1.085E+10
13320	1.074E+10
13440	1.059E+10
13560	1.045E+10
13680	1.032E+10
13800	1.016E+10
13920	9.965E+09
14040	9.812E+09
14160	9.665E+09
14280	9.605E+09
14400	9.457E+09
14520	9.276E+09
14640	9.134E+09
14760	9.043E+09
14880	8.979E+09
15000	8.753E+09
15120	8.608E+09
15240	8.562E+09
15360	8.409E+09
15480	8.359E+09
15600	8.196E+09
15720	8.106E+09
15840	7.987E+09
15960	7.869E+09
16080	7.740E+09
16200	7.664E+09
16320	7.577E+09
16440	7.438E+09
16560	7.332E+09
16680	7.275E+09
16800	7.172E+09
16920	7.002E+09
17040	6.919E+09
17160	6.857E+09
17280	6.768E+09
17400	6.605E+09
17520	6.501E+09
17640	6.501E+09
17760	6.391E+09
17880	6.261E+09
18000	6.201E+09
18120	6.089E+09
18240	6.109E+09
18360	5.944E+09
18480	5.903E+09
18600	5.811E+09
18720	5.732E+09
18840	5.638E+09
18960	5.605E+09
19080	5.475E+09
19200	5.414E+09
19320	5.337E+09
19440	5.295E+09
19560	5.200E+09
19680	5.144E+09
19800	5.059E+09
19920	5.021E+09
20040	4.942E+09
20160	4.855E+09
20280	4.777E+09
20400	4.763E+09
20520	4.635E+09
20640	4.619E+09
20760	4.550E+09
20880	4.486E+09
21000	4.411E+09
21120	4.363E+09
21240	4.287E+09
21360	4.264E+09
21480	4.166E+09
21600	4.159E+09
21720	4.065E+09
21840	4.064E+09
21960	3.982E+09
22080	3.925E+09
22200	3.895E+09
22320	3.839E+09
22440	3.772E+09
22560	3.747E+09
22680	3.688E+09
22800	3.629E+09
22920	3.609E+09
23040	3.512E+09
23160	3.485E+09
23280	3.454E+09
23400	3.387E+09
23520	3.339E+09
23640	3.343E+09
23760	3.294E+09
23880	3.221E+09
24000	3.180E+09
24120	3.113E+09
24240	3.103E+09
24360	3.055E+09
24480	3.052E+09
24600	2.984E+09
24720	2.940E+09
24840	2.904E+09
24960	2.863E+09
25080	2.816E+09
25200	2.795E+09
25320	2.750E+09
25440	2.709E+09
25560	2.700E+09
25680	2.645E+09
25800	2.607E+09
25920	2.581E+09
26040	2.578E+09
26160	2.485E+09
26280	2.478E+09
26400	2.444E+09
26520	2.401E+09
26640	2.394E+09
26760	2.317E+09
26880	2.331E+09
27000	2.239E+09
27120	2.279E+09
27240	2.258E+09
27360	2.176E+09
27480	2.180E+09
27600	2.163E+09
27720	2.127E+09
27840	2.077E+09
27960	2.062E+09
28080	2.049E+09
28200	2.027E+09
28320	1.982E+09
28440	1.958E+09
28560	1.967E+09
28680	1.910E+09
28800	1.879E+09
28920	1.851E+09
29040	1.825E+09
29160	1.806E+09
29280	1.810E+09
29400	1.768E+09
29520	1.736E+09
29640	1.738E+09
29760	1.713E+09
29880	1.682E+09
30000	1.661E+09
30120	1.650E+09
30240	1.624E+09
30360	1.589E+09
30480	1.585E+09
30600	1.556E+09
30720	1.518E+09
30840	1.523E+09
30960	1.513E+09
31080	1.489E+09
31200	1.486E+09
31320	1.445E+09
31440	1.433E+09
31560	1.415E+09
31680	1.416E+09
31800	1.353E+09
31920	1.338E+09
32040	1.327E+09
32160	1.316E+09
32280	1.305E+09
32400	1.290E+09
32520	1.283E+09
32640	1.253E+09
32760	1.238E+09
32880	1.202E+09
33000	1.212E+09
33120	1.194E+09
33240	1.162E+09
33360	1.168E+09
33480	1.117E+09
33600	1.121E+09
33720	1.102E+09
33840	1.099E+09
33960	1.092E+09
34080	1.070E+09
34200	1.049E+09
34320	1.050E+09
34440	1.043E+09
34560	1.020E+09
34680	1.007E+09
34800	9.919E+08
34920	9.829E+08
35040	9.759E+08
35160	9.575E+08
35280	9.389E+08
35400	9.283E+08
35520	9.079E+08
35640	9.186E+08
35760	8.757E+08
35880	8.905E+08
36000	8.718E+08
36120	8.637E+08
36240	8.520E+08
36360	8.435E+08
36480	8.362E+08
36600	8.226E+08
36720	8.046E+08
36840	8.139E+08
36960	7.917E+08
37080	7.894E+08
37200	7.757E+08
37320	7.497E+08
37440	7.500E+08
37560	7.420E+08
37680	7.175E+08
37800	7.093E+08
37920	7.166E+08
38040	7.112E+08
38160	7.012E+08
38280	6.807E+08
38400	6.680E+08
38520	6.735E+08
38640	6.507E+08
38760	6.579E+08
38880	6.520E+08
39000	6.130E+08
39120	6.224E+08
39240	6.337E+08
39360	6.105E+08
39480	6.195E+08
39600	5.939E+08
39720	6.050E+08
39840	5.837E+08
39960	5.772E+08
40080	5.728E+08
40200	5.738E+08
40320	5.569E+08
40440	5.367E+08
40560	5.296E+08
40680	5.247E+08
40800	5.219E+08
40920	5.314E+08
41040	5.382E+08
41160	5.045E+08
41280	5.017E+08
41400	5.001E+08
41520	4.903E+08
41640	4.968E+08
41760	4.774E+08
41880	4.777E+08
42000	4.584E+08
42120	4.518E+08
42240	4.551E+08
42360	4.500E+08
42480	4.513E+08
42600	4.431E+08
42720	4.285E+08
42840	4.345E+08
42960	4.128E+08
43080	4.249E+08
43200	4.037E+08
43320	4.019E+08
43440	3.953E+08
43560	4.019E+08
43680	3.968E+08
43800	3.752E+08
43920	3.838E+08
44040	3.803E+08
44160	3.840E+08
44280	3.644E+08
44400	3.634E+08
44520	3.499E+08
44640	3.456E+08
44760	3.424E+08
44880	3.448E+08
45000	3.311E+08
45120	3.268E+08
45240	3.225E+08
45360	3.328E+08
45480	3.250E+08
45600	3.228E+08
45720	3.099E+08
45840	3.044E+08
45960	2.940E+08
46080	3.076E+08
46200	2.926E+08
46320	2.928E+08
46440	2.978E+08
46560	2.932E+08
46680	2.841E+08
46800	2.799E+08
46920	2.785E+08
47040	2.742E+08
47160	2.722E+08
47280	2.659E+08
47400	2.573E+08
47520	2.559E+08
47640	2.554E+08
47760	2.502E+08
47880	2.381E+08
48000	2.426E+08
48120	2.412E+08
48240	2.460E+08
48360	2.340E+08
48480	2.331E+08
48600	2.295E+08
48720	2.263E+08
48840	2.090E+08
48960	2.251E+08
49080	2.193E+08
49200	2.162E+08
49320	2.090E+08
49440	2.163E+08
49560	2.043E+08
49680	2.026E+08
49800	1.912E+08
49920	2.004E+08
50040	2.029E+08
50160	1.889E+08
50280	1.898E+08
50400	1.870E+08
50520	1.892E+08
50640	1.904E+08
50760	1.833E+08
50880	1.841E+08
51000	1.786E+08
51120	1.727E+08
51240	1.767E+08
51360	1.714E+08
51480	1.737E+08
51600	1.778E+08
51720	1.645E+08
51840	1.674E+08
51960	1.644E+08
52080	1.644E+08
52200	1.606E+08
52320	1.502E+08
52440	1.560E+08
52560	1.523E+08
52680	1.554E+08
52800	1.466E+08
52920	1.492E+08
53040	1.441E+08
53160	1.423E+08
53280	1.389E+08
53400	1.386E+08
53520	1.384E+08
53640	1.372E+08
53760	1.315E+08
53880	1.307E+08
54000	1.277E+08
54120	1.282E+08
54240	1.263E+08
54360	1.214E+08
54480	1.213E+08
54600	1.263E+08
54720	1.223E+08
54840	1.190E+08
54960	1.165E+08
55080	1.178E+08
55200	1.188E+08
55320	1.115E+08
55440	1.174E+08
55560	1.135E+08
55680	1.029E+08
55800	1.078E+08
55920	1.058E+08
56040	1.078E+08
56160	1.054E+08
56280	1.088E+08
56400	1.040E+08
56520	9.901E+07
56640	1.000E+08
56760	9.791E+07
56880	9.838E+07
57000	9.461E+07
57120	9.902E+07
57240	9.168E+07
57360	9.922E+07
57480	8.695E+07
57600	9.150E+07
57720	8.499E+07
57840	8.766E+07
57960	8.388E+07
58080	8.643E+07
58200	8.853E+07
58320	8.062E+07
58440	8.423E+07
58560	8.545E+07
58680	8.186E+07
58800	7.678E+07
58920	7.653E+07
59040	7.713E+07
59160	7.866E+07
59280	7.616E+07
59400	7.544E+07
59520	7.835E+07
59640	7.191E+07
59760	6.723E+07
59880	7.054E+07
60000	6.952E+07
60120	6.400E+07
60240	6.374E+07
60360	6.972E+07
60480	6.866E+07
60600	6.474E+07
60720	6.409E+07
60840	6.923E+07
60960	6.065E+07
61080	6.411E+07
61200	5.902E+07
61320	6.140E+07
61440	6.171E+07
61560	5.647E+07
61680	5.295E+07
61800	5.235E+07
61920	5.796E+07
62040	5.368E+07
62160	5.736E+07
62280	5.671E+07
62400	5.865E+07
62520	5.303E+07
62640	5.369E+07
62760	5.413E+07
62880	5.146E+07
63000	5.211E+07
63120	4.898E+07
63240	5.489E+07
63360	4.583E+07
63480	4.424E+07
63600	4.851E+07
63720	4.830E+07
63840	4.788E+07
63960	4.644E+07
64080	4.920E+07
64200	4.689E+07
64320	4.401E+07
64440	4.504E+07
64560	4.349E+07
64680	4.180E+07
64800	4.283E+07
64920	4.499E+07
65040	4.032E+07
