calc_bc_mixing:
0-2%
below 0.04	0 0.0310648525585 	0.0107501352431 	-65.3945396237
above 0.1	0 55.1437596001 	52.0698753563 		-5.57431025016
2-10%
below 0.04	1 0.00367039797699 	0.000214158578707 	-94.1652491079
above 0.1	1 0.443570936139 	5.98591953508 		1249.48416305
80-90%
below 0.04	2 0.0107215392637 	0.000842544771353 	-92.1415689424
above 0.1	2 0.761919854898 	0.474050966707 		-37.7820431297
**************************************************************
calc_comp_2d_oc:
1314704805.45
476543891.064
2433960733.93
7059096143.61
40.1451780159

**************************************************************
calc_n_orig:
1 or more	7059096143.61 3406569003.14 0.482578638092
2 or more	7059096143.61 1944606523.21 0.275475285171
3 or more	7059096143.61 1137922394.25 0.161199446941
4 or more	7059096143.61 678580932.436 0.0961285862427
5 or more events: 7059096143.61 415542368.91 0.0588662288282
6 or more	7059096143.61 415542368.91 0.0588662288282
7		7059096143.61 158603957.599 0.0224680262703
8		7059096143.61 97236426.3128 0.0137746284134





