0.00E+00
0.00E+00
0.00E+00
0.00E+00
0.00E+00
0.00E+00
0.00E+00
0.00E+00
0.00E+00
0.00E+00
0.00E+00
0.00E+00
0.00E+00
0.00E+00
0.00E+00
0.00E+00
0.00E+00
0.00E+00
0.00E+00
0.00E+00
0.00E+00
0.00E+00
0.00E+00
0.00E+00
0.00E+00
0.00E+00
2.98E+07
0.00E+00
0.00E+00
4.79E+06
4.50E+07
2.62E+06
7.32E+07
3.43E+07
3.73E+07
0.00E+00
1.67E+08
1.15E+08
2.96E+08
3.31E+08
1.79E+08
2.63E+08
1.89E+08
3.54E+08
2.91E+08
7.43E+08
3.41E+08
3.72E+08
8.54E+08
9.73E+08
8.88E+08
1.16E+09
1.10E+09
1.71E+09
1.55E+09
2.06E+09
1.90E+09
3.15E+09
2.48E+09
3.00E+09
2.54E+09
3.43E+09
3.22E+09
4.44E+09
3.89E+09
4.01E+09
3.25E+09
5.40E+09
4.70E+09
3.51E+09
4.49E+09
5.25E+09
5.15E+09
4.84E+09
4.99E+09
5.07E+09
4.92E+09
4.84E+09
5.81E+09
4.92E+09
5.31E+09
5.05E+09
5.74E+09
5.24E+09
4.77E+09
4.55E+09
4.43E+09
3.79E+09
4.39E+09
3.93E+09
3.64E+09
3.86E+09
2.93E+09
2.94E+09
2.91E+09
2.59E+09
2.52E+09
2.08E+09
1.99E+09
1.59E+09
1.62E+09
1.31E+09
1.26E+09
9.39E+08
1.07E+09
9.76E+08
