1.48E-08
1.54E-08
1.60E-08
1.65E-08
1.71E-08
1.78E-08
1.84E-08
1.91E-08
1.98E-08
2.05E-08
2.13E-08
2.21E-08
2.29E-08
2.37E-08
2.45E-08
2.54E-08
2.64E-08
2.74E-08
2.84E-08
2.94E-08
3.05E-08
3.16E-08
3.28E-08
3.40E-08
3.52E-08
3.65E-08
3.78E-08
3.92E-08
4.07E-08
4.21E-08
4.37E-08
4.53E-08
4.69E-08
4.87E-08
5.05E-08
5.23E-08
5.42E-08
5.62E-08
5.83E-08
6.04E-08
6.26E-08
6.49E-08
6.73E-08
6.97E-08
7.23E-08
7.50E-08
7.77E-08
8.05E-08
8.35E-08
8.66E-08
8.98E-08
9.30E-08
9.64E-08
1.00E-07
1.04E-07
1.07E-07
1.11E-07
1.15E-07
1.20E-07
1.24E-07
1.29E-07
1.33E-07
1.38E-07
1.43E-07
1.49E-07
1.54E-07
1.60E-07
1.65E-07
1.72E-07
1.78E-07
1.84E-07
1.91E-07
1.98E-07
2.05E-07
2.13E-07
2.21E-07
2.29E-07
2.37E-07
2.46E-07
2.55E-07
2.64E-07
2.74E-07
2.84E-07
2.94E-07
3.05E-07
3.16E-07
3.28E-07
3.40E-07
3.52E-07
3.65E-07
3.79E-07
3.92E-07
4.07E-07
4.22E-07
4.37E-07
4.53E-07
4.70E-07
4.87E-07
5.05E-07
5.23E-07
5.42E-07
5.62E-07
5.83E-07
6.04E-07
6.26E-07
6.49E-07
6.73E-07
