1.02E-08	0	0	0	0	0	0	0	0	0	0	0	0	0	0	0	0	0	0	0	0	0	0	0	0	0	0	0	0	0	0	0	0	0	0	0	0	0	0	0	0	0	0	0	0	0	0	0	0
1.07E-08	0	0	0	0	0	0	0	0	0	0	0	0	0	0	0	0	0	0	0	0	0	0	0	0	0	0	0	0	0	0	0	0	0	0	0	0	0	0	0	0	0	0	0	0	0	0	0	0
1.12E-08	0	0	0	0	0	0	0	0	0	0	0	0	0	0	0	0	0	0	0	0	0	0	0	0	0	0	0	0	0	0	0	0	0	0	0	0	0	0	0	0	0	0	0	0	0	0	0	0
1.17E-08	0	0	0	0	0	0	0	0	0	0	0	0	0	0	0	0	0	0	0	0	0	0	0	0	0	0	0	0	0	0	0	0	0	0	0	0	0	0	0	0	0	0	0	0	0	0	0	0
1.23E-08	0	0	0	0	0	0	0	0	0	0	0	0	0	0	0	0	0	0	0	0	0	0	0	0	0	0	0	0	0	0	0	0	0	0	0	0	0	0	0	0	0	0	0	0	0	0	0	0
1.29E-08	0	0	0	0	0	0	0	0	0	0	0	0	0	0	0	0	0	0	0	0	0	0	0	0	0	0	0	0	0	0	0	0	0	0	0	0	0	0	0	0	0	0	0	0	0	0	0	0
1.35E-08	0	0	0	0	0	0	0	0	0	0	0	0	0	0	0	0	0	0	0	0	0	0	0	0	0	0	0	0	0	0	0	0	0	0	0	0	0	0	0	0	0	0	0	0	0	0	0	0
1.41E-08	0	0	0	0	0	0	0	0	0	0	0	0	0	0	0	0	0	0	0	0	0	0	0	0	0	0	0	0	0	0	0	0	0	0	0	0	0	0	0	0	0	0	0	0	0	0	0	0
1.48E-08	0	0	0	0	0	0	0	0	0	0	0	0	0	0	0	0	0	0	0	0	0	0	0	0	0	0	0	0	0	0	0	0	0	0	0	0	0	0	0	0	0	0	0	0	0	0	0	0
1.55E-08	0	0	0	0	0	0	0	0	0	0	0	0	0	0	0	0	0	0	0	0	0	0	0	0	0	0	0	0	0	0	0	0	0	0	0	0	0	0	0	0	0	0	0	0	0	0	0	0
1.62E-08	11412.5	753.717	119.678	24.6245	9.83333	6.09648	1.92981	5.06779	8.22337	6.42981	2.5567	3	0.833333	2	4.16667	2.66667	1	1	0.333333	0.166667	0	2.16667	2	1.83333	0	1	0	1.16667	2.5	2.5	0	1	0.166667	0	0.333333	0.5	1.83333	1.16667	0.833333	0.166667	0	0.166667	0.833333	0.166667	1	0.833333	0	0.166667
1.70E-08	13320.2	882.209	178.265	33.4265	8.42857	4.42857	2.42857	6.42857	5.74838	4	2.74838	1.28571	0.714286	2	0.906604	0	2.42857	0.571429	0.714286	0	0.714286	1	2.71429	0	0.714286	0.620889	0.714286	1.42857	0.714286	1	0.285714	0.285714	0.714286	0.285714	2.71429	2.28571	0	0.714286	0	0	0.714286	0.285714	1	0.714286	0.285714	0	0	0
1.78E-08	15101	1068.25	211.2	56.848	18.7827	5	2	6.5	6.5	3	3	1	1.5	1	2.10896	1.5	1	1	0	0	0	2	2	0	0.5	0.108963	0	0	0	0.5	0.5	1	0.5	1	2	1.5	0	0.5	0.5	0	0.5	0.5	2.5	0	0.5	0	0.5	0
1.86E-08	16528.4	1339.94	255.071	67.5355	17.6148	8.42857	4.42857	8.65487	2.71429	1.28571	1.57143	1.42857	2.28571	0	1.57143	1.57143	0.285714	0.714286	0	0	0	0.857143	1.28571	2.14286	1	0.714286	0	0.714286	0	0	0.714286	0.285714	1	0.285714	2.71429	1.42857	0.714286	0.285714	0.285714	0.714286	0.285714	0.654873	1.14286	0	0.714286	0	0.285714	0
1.95E-08	19087.8	1767.64	326.713	85.0435	26	11	2.24008	3.08318	8	2	0	0	1	2	1	0	0	0	0	0	0	1	0	2	0	0	0	0	1	1	0	0	2	0	1	0	0	0	0	0	0	1.08318	1	0.240076	0	1	0	0
2.04E-08	21227.7	2167.06	469.468	118.171	41.5714	19.2289	7.68566	7.85714	4.94315	3.42857	1.7414	1.71429	0	0	0	0.285714	0	1.42857	1	0	0	1.42857	0.571429	0.285714	0	0	0.714286	0.714286	2.14286	0.285714	0.285714	0.285714	0	0	0	0	0.285714	0.571429	0	1	0	0	0.714286	1.25709	0.714286	0.714286	0	0
2.14E-08	24343.1	2712.2	609.838	162.415	60.5548	25.6748	15.625	5.64326	3.79975	5.75	2.85127	1	0.625	0.625	0.625	1.625	1.25	0.625	0.375	0	0	0.625	1.375	0.375	0	0	0.625	0	1.25	0.375	1	0.375	0.625	0	0	0.625	1	0.75	0	0.375	0	0.625	0	0	0	0	0	0
2.24E-08	27285.8	3313.61	783.411	246.024	94.2588	38.774	14.625	10.5526	1.375	3.25	2.05064	1	0.125	0.125	0.125	1.125	0.25	0.125	0	0	0	1	1	0	0	0	0.125	0	1.125	0	0.125	0	0.125	0	0.875	1	0.125	0	0	0	0	0.125	0	0	0.875	0	0	0
2.34E-08	30353.4	4042.48	1028.03	291.884	104.929	58.2758	27.365	17.7643	5	7.04443	3.54444	0.315191	2	0.25	0	1.75	1	0.875	0.125	0	0.875	0.125	1.875	0	1	0	0	0.875	0	0.125	0	0	0.125	0	0.125	0	0	0	0.875	0.125	0	0	0.125	0	0.125	0	0	0
2.45E-08	34417.4	5082.96	1306.8	420.693	162.386	82.1098	37.0668	30.2202	12.4444	8.67078	6.11523	2.94684	1.55556	2.27266	0.717102	0	1	0	0.555556	0.444444	0.444444	1	0.555556	0.444444	0.555556	0	0	0	0	0.555556	0	0	0.555556	0	0.555556	0	0	0	0.444444	0.555556	0	0	0.555556	0	0.555556	0	0	0
2.57E-08	37838	6240.77	1763.43	614.565	266.6	120.865	60.7634	39.5406	20.5187	9.66667	11.8889	3.8841	3.33333	4.77029	2.99251	0.777778	1.77778	3.11111	0	1	1	0.222222	0	1	0.777778	0	0.777778	0	0	0	0	0	0	0	0	0.777778	0	0	0.222222	0	0	0	0	0	0.777778	0	0	0
2.69E-08	42052.3	7360.67	2189.05	809.101	312.565	161.721	96.7629	60.6804	33.0135	14.3608	11	2	5	6	2.68042	2.68042	2	0	2	1	0	1	4	2	0	0	0	0	0	0	0	0	0	0	0	0	0	0	0	0	0	0	0	0	0	0	0	0
2.82E-08	46330.2	8803.98	2790	1070.44	487.959	245.387	144.072	77.8038	48.6076	35.7436	15.0705	15.2	14.8	8.1	4.42371	5.12371	2.7	1.7	3.4	1.3	0.3	1.3	3	0.3	0	0.3	1.7	0.7	0	0	0.6	0.7	0	0	0	0	0	0	0	0	0	0	0	0	0	0	0	0
2.95E-08	49982	10278.3	3525.57	1355.29	658.893	356.502	181.597	106.129	73.9996	50.2441	30.7367	25.6364	15.7273	7.63636	7	5.90909	3.63636	3.18182	3.63636	3.09091	2.09091	2	3	1	0	1.54545	0.454545	0	0	0	0.909091	0.545455	0	0	0.545455	0	0	0.545455	0	0	0	0	0	0	0	0	0	0
3.09E-08	54332.5	12047.1	4261.33	1836.3	875.988	490.896	275.076	155.978	102.595	62.0018	45.9357	38.2214	21.4289	11.9486	6.18182	5	9.09091	4.18182	5.81818	4	3.81818	2	6.27273	5.90909	0	0.363636	3.27273	0.818182	0	0.818182	0.818182	1.81818	0.818182	0	0.181818	0.818182	0	0.181818	0	0.818182	0	0.818182	0	0	0	0	0.818182	0
3.24E-08	60786.7	13820.4	5672.37	2497.94	1241.18	667.23	392.484	270.628	151.121	100.383	71.3335	47.7305	31.0074	25.4397	8.60963	20.6985	16	10.5604	7.22708	9.16667	1.16667	4.5	4.5	5.16667	3	5.39375	2.13815	2.16667	1.83333	1.22708	2	0	0.333333	0.166667	0	0	0	0.833333	0	0	0	0	0	0	0.833333	0	0	0.166667
3.39E-08	64664.7	16787.4	6698.39	3015.84	1599.73	939.703	566.149	364.749	219.133	160.471	103.805	75.8107	53.3303	35.7532	32.7763	28.0853	21.8333	15.6616	12.3283	6.25	8.88117	9.29784	7.83333	4.33333	4.66667	2.78047	2.97148	2.58333	1	4.24498	2	0	1.58333	0.583333	0.833333	0.416667	0	0	0	0.416667	0	0	0	0.416667	0	0	0	0.583333
3.55E-08	72057.5	19765.1	8179.16	3950.3	2115.5	1210.95	757.333	502.164	346.143	223.988	144.995	98.6646	90.543	60.0986	50.2836	32.6925	37.0244	32.2598	17.0328	21.1538	12.288	13.2111	8.30769	8.23077	10.6642	8.84615	3.05265	2.69231	1.69231	6.80199	2	1.38462	1	0	2	0.307692	0	0	0	1	0.692308	0	0	0.307692	0.692308	0	0.692308	0
3.72E-08	77986.8	22813.9	9884.05	5003.06	2702.37	1672.3	1012.48	694.091	464.933	301.318	228.047	179.451	121.89	109.036	57.5751	57.5751	57.5751	36.7253	23.7215	26.7215	21.018	25.5751	22	21.7215	19.4287	9.44294	4	8	5.72147	6	7.72147	5	0	0	4	6	2	2	1	1	0	0	1	2	1	0	0	1
3.89E-08	82575.6	26777.5	11695.5	5792.17	3533.16	2158.96	1363.17	950.162	629.502	467.059	365.814	241.318	200.149	161.891	112.417	97.8469	72.3669	74.3745	46.1661	46.1295	37.2644	31.759	30.3991	29.3002	25.3153	14.1268	14.3325	13.496	10.8043	7.2	8.20426	11.711	4.84436	3.65159	2	3.3777	0.533333	2.26667	1	3.06667	1.06667	2.06667	0.8	1.53333	1.91103	1.53333	0.266667	0.533333
4.07E-08	88365.3	30440.5	14128.2	7307.82	4449.27	2774.76	1765.28	1244.55	891.681	622.941	476.693	356.997	259.51	216.711	169.663	142.444	111.138	93.3911	76.8479	68.9338	56.5859	44.5429	39.3811	41.9669	38.4669	21.5	22.424	28.3811	19	15	13.1288	13.3811	3.88104	4.5	6.5429	2.88104	6.5	5.5	2	4.5	2.5	3.5	3	2	3.38104	2	1.5	3.04291
4.27E-08	94730	34360	16744.3	9035.44	5675.27	3629.04	2353.15	1693.18	1196.42	876.565	615.421	517.189	398.357	302.267	255.293	200.277	181.099	133.672	121.074	109.382	86.4119	82.1324	64.8135	67.4785	56.565	41.4711	31.4597	40.8226	28.5576	32.2	36.7263	19.6667	9.55759	9.50754	10.4279	9.8	7.89089	7.13333	3.86667	6.46667	3.95756	5.82423	3.86667	1.86667	6.46667	3.6	3.73333	4.80372
4.47E-08	100145	38507	19913.5	10793.8	7139.26	4725.95	3167.73	2367.91	1581.3	1167.43	911	711.113	528.543	441.099	328.848	312.004	257.875	211.113	182.21	171.787	130.808	117.229	99.3567	63.2107	90.0067	88.2601	60.3467	52.968	39.7391	45.5034	34.7145	23	21.7777	21.2324	14.8749	19.8643	16.9964	15.3222	6.60741	13.6246	19.7464	9.014	5.875	7.85741	6.33982	4.98241	4.25342	5.875
4.68E-08	105855	43900.5	22744.8	12632.4	8576.03	5735.35	3945.8	2970.62	2170.23	1596.72	1214.88	945.139	751.902	613.823	521.658	434.506	348.825	307.978	277.852	236.123	185.613	179.133	153.835	138.143	112.256	107.515	85.0218	89.7429	73.4503	69.6908	63.8223	32.0268	37.5169	32.8575	29.8637	32.009	23.6704	25.3373	20.4351	20.2844	14.3869	16.0963	18.5882	15.6222	11.0092	14.8575	9.81908	11.1765
4.90E-08	110213	48821.4	26436.8	15006.4	10231.6	6948.54	4835.57	3695.91	2889.6	2148.26	1597.02	1322.54	1065.98	866.9	701.759	617.635	510.356	436.54	414.357	309.796	279.257	261.001	218.988	207.112	169.484	140.586	150.804	126.949	123.513	95.4021	79.9491	51.0345	50.385	44.3974	47.0727	42.7393	39.0641	36.8245	32.0641	25.748	24.3974	30.684	28.0171	24.7136	21.4272	23.064	16.0259	10.6753
5.13E-08	116226	54748.5	30220.3	17943.4	12295.3	8673.16	6296.79	4681.72	3660	2746.31	2110.04	1747.77	1381.66	1068.52	923.723	829.356	736.779	588.528	550.025	398.869	424.576	336.727	324.193	302.425	264.013	248.63	184.931	202.285	161.481	129.375	132.691	82.5274	90.6072	86.6483	73.6286	63.9401	56.2167	52.0372	58.6055	44.9506	48.7083	49.0674	36.7549	31.6756	37.2267	27.7849	33.9704	27.963
5.37E-08	118571	58625.1	34194.1	20722.5	14913.5	10459.8	7782.04	5956.48	4488.76	3491.4	2800.41	2222.21	1935.68	1535.06	1319.67	1099.68	985.196	777.557	754.008	617.418	539.436	492.651	479.452	399.863	368.402	297.334	294.779	245.527	239.214	233.396	190.691	126.532	134.886	111.118	112.105	88.5087	82.4001	75.4389	78.3281	54.6055	61.4483	61.814	55.1909	55.2598	44.8659	45.7334	44.0613	44.7286
5.62E-08	122359	64371.8	37607.1	23782.3	17748.3	12321.9	9181.14	7362.92	5554.47	4285.6	3551.57	2984.34	2451.63	2097.2	1706.81	1468.81	1306.07	1141.57	1035.75	867.005	745.758	668.174	639.092	558.81	510.883	469.473	404.485	338.078	326.067	313.229	294.185	201.157	189.125	178.072	161.154	160.467	140.748	132.859	118.215	107.228	99.5327	93.9762	85.4256	89.6165	80.5756	66.5943	60.7082	72.7691
5.89E-08	126878	70674.2	42988.9	27603.5	20379.5	14724.9	10905.9	8834.97	7036.25	5526.35	4515.97	3771.57	3193.81	2569.08	2219.27	1950.16	1755.69	1502.24	1373.97	1154.85	984.04	920.874	859.689	804.12	680.827	638.588	523.152	483.251	476.419	444.039	408.165	294.111	278.379	249.508	242.824	251.611	210.861	190.415	164.964	162.327	151.064	132.253	137.367	123.543	120.565	118.946	98.8987	107.182
6.17E-08	126853	74835.1	47421.3	31366.7	23520.8	17218.9	13262.4	11032.3	8528.6	7092.97	5562.84	4982.67	3933.3	3399.67	2934.73	2529.65	2216.04	1979.14	1713.8	1528.85	1330.65	1257.81	1162.26	1115.58	964.405	935.269	752.563	729.135	613.868	588.809	546.867	419.976	376.877	355.217	315.627	292.466	280.649	289.973	266.392	243.196	203.244	214.907	195.709	192.56	168.781	151.214	142.226	147.591
6.46E-08	133602	79341.7	52201	35905.9	27310.8	20570.3	16113.4	12785.9	10325.1	8312.84	6941.32	5986.57	5062.17	4305.68	3579.9	3318.75	2886.46	2569.64	2235.96	2026.4	1661.98	1670.31	1594.07	1406.11	1295.23	1195.99	1073.53	968.851	872.953	756.385	747.386	593.146	579.661	508.393	473.146	446.267	409.212	398.92	384.208	326.071	308.586	298.12	283.832	283.329	260.121	223.911	210.591	217.784
6.76E-08	135527	81849	57159.4	40334	30953.8	23539.9	18476.7	15362.1	12290.4	9957.44	8368.71	7521.18	6252.02	5252.6	4487.13	4236.63	3692	3219.31	2922.84	2556.5	2246.87	2176.14	2003.25	1832.71	1632.65	1556.52	1385.12	1252.94	1147.03	1051.53	972.597	799.058	771.226	677.705	664.614	616.438	568.517	576.47	513.653	470.764	475.648	451.338	415.145	388.883	346.743	321.004	298.118	317.298
7.08E-08	136818	87285	62173.2	43650.3	34901.6	26829	21686.2	18211.8	14626.9	11887	10040.9	9020.02	7489.64	6364.96	5693.91	5155.37	4664.78	3858.24	3611.51	3266.24	2949.13	2781.88	2528.5	2355.73	2130.96	1963.44	1714.58	1593.79	1520.74	1417.92	1324.42	1085.7	1065.48	954.298	862.492	794.437	778.494	767.195	725.076	665.155	652.912	583.908	532.702	523.905	517.703	470.267	381.11	443.677
7.41E-08	139246	92011	66404.4	48739.1	38887.6	30535.6	24743	20642.5	17122.3	14355.9	11583	10520.6	9014.05	7878.28	6528.27	6512.04	5446.72	5095.45	4578.8	4054.57	3566.25	3443.7	3173.75	2920.2	2698.19	2446.55	2324.63	2082.45	1951.96	1803.34	1718.42	1459.71	1357.18	1206.84	1222.76	1116.87	1033.33	1038.51	935.527	890.049	826.635	793.287	752.018	678.123	671.409	674.597	607.716	614.151
7.76E-08	154567	94528	70208.6	53774.5	42412.5	33848.1	27910.5	23747.6	19777.4	16686.3	13862.7	12507.4	10767.5	9601.01	8276.79	7659.6	6799.21	6105.6	5542.67	4997.1	4462.38	4332.18	4011.56	3702.54	3525.18	3149	2885.09	2616.57	2511.14	2339.71	2162.19	1908.29	1728.88	1667.28	1539.99	1480.04	1408.65	1375.44	1272.67	1178.19	1112.99	1063.55	977.046	948.056	887.094	864.934	850.585	759.685
8.13E-08	156721	95955.3	73224.1	57785.1	46849.8	37540	31065.9	26598	22181.5	19002.3	16202.7	14803.3	12704.5	10965.2	9828.31	9093.78	8151.52	7275.55	6699.55	5966.38	5535.14	5358.27	4850.44	4480.03	4275.03	3904.94	3609.66	3305.78	3121.24	2923.7	2710.14	2315.6	2203.36	2120.92	2040.63	1946.65	1827.01	1634.51	1628.44	1486.26	1401.53	1367.13	1346.91	1160.11	1209.45	1081.62	1085.84	1109.17
8.51E-08	148102	99306.2	76076.1	58922.3	49856.6	40907.3	34018.1	29433.1	24498.9	21370.2	17961	16856.4	14588.7	12643.1	10957.2	10666.2	9630.42	8429.7	7878.85	7095.93	6524.2	6400.45	5739.95	5533.2	5053.5	4824.3	4277.35	4116.03	3700.63	3636.56	3380.99	2852.34	2772.52	2712.89	2617.02	2287.89	2070.92	2192.63	1982.89	1931.55	1832.52	1800.96	1707.99	1570.06	1487.16	1434.13	1302.83	1325.89
8.91E-08	149707	98378.3	80081.4	64674.9	54252.8	43955.4	38118.8	32942	27873.8	24392.4	20924.2	19028.6	16859.2	14816.6	13178.5	12209.8	11204.8	10065.6	9377.89	8420	7656.84	7170.63	7008.76	6604.52	6095.23	5554.53	5267.76	4942.03	4645.48	4263.23	4146.96	3693.19	3389.94	3305.65	3047.72	2995.41	2709.19	2698.72	2519.36	2423.86	2269.35	2257.98	2074.57	2041.86	1892.74	1782.88	1761.77	1779.65
9.33E-08	144747	97568.6	80411.9	67370.4	56553.4	46953.8	41112	35118.3	30724.8	26811.7	22970	21729.9	19336.9	17059.3	15280.6	13949.8	12905.4	11405.5	10780	9527.63	9194.25	8660.22	8120.42	7783.25	7194.54	6676.17	6402.68	5947.67	5547.06	5197.74	5002.36	4427.55	4182.93	4012.89	3736.94	3665.93	3469.91	3266.72	3089.91	3024.49	2747.98	2722.53	2602.14	2482.85	2423.49	2298.78	2168	2137.4
9.77E-08	136483	97855.9	84242.9	69619.8	59942.8	49660.2	44021.8	38186.5	33311.7	29181.5	25415.1	23575.2	21035.3	18863	17114.7	15965.7	14490	12933.6	12379.3	10978.6	10543.2	9945.55	9348.76	8761.17	8407.1	7752.59	7284.49	6834.63	6577.68	6271.32	5790.53	5209.28	4979.71	4799.22	4548.92	4241.49	4014.33	3977.51	3648.26	3631.98	3291.76	3233.47	3090.42	3019.96	2923.5	2806.21	2711.75	2623.25
1.02E-07	131841	98534.7	84158.6	70402.3	60831.2	51148.9	46116.7	40510.4	35535.1	32147.6	27619	25622.2	23456.4	20891.9	18660.2	17728	16414.4	14480.2	13872.5	12264.5	11813.8	11219.3	10696.4	10278.5	9633.45	8876.25	8050.26	7876.26	7325.62	7098.97	6463.69	5959.37	5712.88	5619.11	5344.05	4902.78	4855.71	4567.29	4478.41	4376.97	3994.49	3787.72	3737.93	3654.46	3491.01	3350.73	3229.19	3183.08
1.07E-07	113951	93386	81650.7	72143	62233.5	53766.1	47760.8	43512.9	38069.2	34151.4	30025.1	28376.4	25468.7	22751.9	20884.5	20023.8	18056.9	16229.9	15308.4	14115.6	13537.4	12690.4	12116.5	11743.1	10901.6	10039.5	9613.52	9150.07	8596.16	7944.08	7714.91	6982.61	6799.59	6484.32	6302.99	6008.28	5735.39	5570.4	5056.35	5085.66	4868.78	4579.4	4487.09	4257.82	4021.76	3991.94	3869.8	3757.75
1.12E-07	109199	92018.1	81584.7	73116.6	63806	55109	50039.9	45260	40024.6	36333.8	32033.4	29759	27256.8	24365.5	22725.3	21394.1	19982	17632.2	17141.5	15620.9	14877.8	14061.8	13637.9	13134.1	11894.8	11173.3	10849.6	9937.12	9661.5	9202.58	8659.49	7950.6	7744.42	7313.89	7238.43	6933.41	6419.4	6351.34	6000.32	5786.51	5450.18	5284.17	5084.13	4911.15	4820.18	4689.99	4382.6	4392.09
1.17E-07	102663	90040.4	81174	71770.9	64733.7	56166.1	51223.6	46343.8	41693.3	37598.3	33493.5	31796.3	28526.1	26132	24427.9	23089.4	21703.9	19403.8	18627.6	16955	16464.2	15596.6	14677.3	14091.9	13344.7	12346.7	11966.6	11060.3	10669.2	10276.1	9548.61	8998.66	8682.75	8188.41	8199.31	7626.1	7200.17	6896.93	6763.05	6559.73	6051.05	5904.31	5735.85	5407.91	5542.59	5208.27	5180.31	4925.98
1.23E-07	92884.4	85684.1	78141.6	70721.1	63363.5	56340.2	50344.3	47029.6	42575.1	37900.1	34437.3	32869	30425.5	27537.9	25690.2	24748.5	23202	20563.3	20579.9	17825	17368.7	16937.6	16142.4	15602.5	14706.5	14045.5	13103.9	12275.6	11936.4	10914.9	10706	10073.5	9514.4	9230.16	9055.15	8509.28	8372.41	8097.83	7631.03	7569.77	7175.77	6736.98	6544.2	6382.17	6223.25	5987.5	5688.09	5671.5
1.29E-07	87037.7	79749.7	74155.8	68628.5	61743	56296.1	51232.5	47472.5	42851.5	39550.3	36224.8	34058.9	31824.6	28856.3	26889.7	25678.2	24287.1	21705.2	21191.4	19336.9	18574.8	18140.9	17452.2	16806.7	15698.4	14831.5	14126	13468	12786.3	12162.5	11619.2	11045.8	10710.2	10010.9	10046.7	9644.23	9106.66	9068.44	8357.47	8201.71	7742.6	7629.87	7290.71	7173.59	6883.61	6690.35	6422.4	6394.26
1.35E-07	79102.1	75522.1	69466.9	65050.8	61979.1	55083.8	51856.4	47483	42938.4	39454.2	36729	34965.7	32055.1	29877.1	28093.7	26623	25076.8	22627.5	22142.8	20164.5	19360.8	18974.8	18356.7	17453.4	16744.9	15920.6	15127	14257.7	14046.5	13024	12466.8	12038.9	11405	10983.4	10578.7	10179.2	9862.94	9566.31	9150.62	8862.85	8481.71	8013.79	7881.36	7764.57	7528.92	7238.37	7026.22	7026.57
1.41E-07	72049	69338.3	66306.1	63422.6	59439.8	52995.4	49656.1	47599.6	43287.6	39190.6	37011.1	35313.8	32075.3	29575.3	28031.3	27568.8	25355.9	22923.8	23089.2	20172.2	20005.9	19586.6	18957.8	18156.5	17251.3	16489.4	15626.6	14911.5	14621.8	13804.2	13396.8	12459	12046.4	11628.6	11318.6	10772.8	10445.5	10209.7	9820.18	9413.42	9272.65	8924.72	8655.82	8372.79	7880.46	7985.42	7807.48	7650.3
1.48E-07	64621.7	63584.4	62053.4	59066.9	55539.4	50678.6	48148.7	45515.9	41746.2	39423.8	36360.7	34721.3	32576.5	30378.5	28410.2	27296.3	25668.2	23915.8	23949	20865.8	20353.9	20204.8	19345.4	19172.4	17791.1	17347.5	16325.1	15565.1	14987.1	14697.2	13908.4	13194	12634.6	12134.1	12089.6	11542.1	11230.7	10594.4	10558.4	10062.2	9706.21	9294.36	9078.81	9023.13	8794.21	8351.35	8195.32	8187.74
1.55E-07	57882.7	57087.3	57111.2	54570.8	52669.6	48589.3	46332.4	43168.4	40551.9	38206.6	35356.1	34410.4	31932.4	30172.2	28535.2	27438.9	25930	23937.7	23350.2	21335.2	20777.2	20481.2	19864.4	19789.3	18354.1	17685.7	16863.9	16146.2	15721.3	15137.5	14514.9	13840.3	13271.8	12991.5	12536.3	11876.4	11682.7	11211.8	10930.4	10538.6	10145.7	9823.46	9542.62	9336.95	9052.24	8704.15	8651.85	8383.2
1.62E-07	50202.1	50875.7	52541.8	50727.9	49775.8	46119.3	44438.6	42636.3	39578.3	37029.3	34881.6	33335	31741.6	29786.2	28019.1	27319.4	25839	24142.6	23483.4	20655	20379.9	20451.6	20715.6	19534.4	18840.3	17567.2	16922.5	16222.7	15985.5	15076.6	14914	14320.2	13912.5	13022.5	12765.1	12164.4	11967.1	11336	11101.3	11031.4	10265.8	10367.6	9769.58	9694.75	9399.13	9071.88	8821.83	8884.94
1.70E-07	43718.1	44553.2	45458.6	46615.7	44833	42437.6	41711	39534.8	37012.1	35634.2	33077.3	32261	30567.2	28695.7	27101.9	27056.7	25340.3	23718.3	23126.8	20712.6	20146	20233.4	20099.4	19589.6	18277.8	17800	16775.5	16411.9	15823.8	15274.2	14885.1	14721.5	13890.3	13308.4	13219.6	12764.7	12230.3	11833.8	11408	10961.1	10673.5	10546.9	10195.5	9950.86	9790.92	9356.91	9229.05	9173.38
1.78E-07	38086.2	39424.7	41363.9	42290.1	41435.6	39244.8	38399	36580.6	34699.1	33450.1	31640	30817.8	29616.3	27383.3	26366.6	26092.5	24144.2	22981.7	22691.3	20734.2	19819.9	20318.3	19643.2	19342.3	18340.8	17683.2	16699.6	16302.9	15690.6	15587.8	14859.8	14322.8	13899.3	13342.2	13045.2	12745	12298.2	11918.7	11595.5	11285.4	10699	10450.2	10301.6	10051.8	9799.91	9487.63	9354.29	9062.9
1.86E-07	33220.7	34572.7	37196	37484.4	38019.8	36343	35606.9	34047.3	32385.2	31521	29533.9	28555.5	28173.3	26552.7	25443.5	25245.3	23398.4	22437.4	22009	20151.3	18910.5	19627.2	19369.8	18529.9	18148.7	17290	16655.7	16209.8	15463	15347.9	14451.9	14012.8	13846.3	13331.5	12958.1	12553.5	12374.4	11958.6	11517.9	11204.2	10680	10504.2	10460.1	10093.7	9822.89	9660.37	9267.33	9114.8
1.95E-07	27494.4	29227	32406.3	33122.9	33572.4	32948	32139	32429.2	30033.7	29597.9	27414.8	27363.5	26549.6	24876.9	23728.1	24610.7	22372.9	21349	20527.9	19211.6	18153.9	18889.7	19126.7	18182.4	17813.1	16447.5	16506.2	15394.9	15431.2	14960	14285.3	14196.7	13668.1	13278.9	12768	12522.5	12209.9	11653.5	11356.6	11232.3	10566.9	10520	10236.5	10051	9525.12	9492.92	9332.1	9231.49
2.04E-07	23304	24800.7	27741.3	28566.1	29531.3	29308.7	29382.9	28739.5	27602.3	27117.9	25531.1	25612.6	24596.6	23316.5	22085.9	22684.5	21456	20136.4	20125.7	18085.5	17146.4	18170.4	18130.1	17849.7	16750	15999.5	15703.3	15414.1	14727.2	14391.9	14088.5	13797	13043.7	12745.9	12416.7	12435.4	11741.5	11601.6	11057.9	10585.7	10339.6	10334.7	10188	9853.71	9734.43	9489.61	9031.93	8942.32
2.14E-07	19490	20775	23624.2	24276.9	25880.1	25623.1	25819.1	25372.7	24376.7	24245.5	23097.1	23211.5	23123.8	21938.9	20594	21170.7	19681.7	19031.7	18829	16973.1	16422.1	17109.3	16767.8	16287.8	15570.9	15271.8	14812.1	14604.4	13970.5	13828.5	13395.4	12953.3	12731.2	12234.3	11939.6	11951.2	11374.5	11081.6	10743.7	10300.2	10141	9965.76	9879.92	9435.44	9210.86	9206.02	8854.27	8808.87
2.24E-07	16012	17364.2	20279.6	20848.5	22424.2	22022.2	22961.8	22505.3	22075.4	22020.3	21008	21200.3	21041.8	19647.2	19006	19502.4	18085.1	17630.9	17473.1	15756.9	15825	16471.2	15982	15644.8	15044.3	14490.6	14155.2	13985.9	13312.7	13140.4	12722.5	12444.6	11938.8	11664.3	11827.3	11314.7	11131.4	10763.5	10308.8	10291	9732.04	9755.45	9520.82	9142.32	8931.75	8874.74	8756.86	8451.87
2.34E-07	13157	14037.5	16777.7	17382.7	18852.7	18970.4	19661.4	19688.2	19303.3	19254.5	18920.5	18914.9	18737.4	18052.3	17302.3	17613.4	17262.7	16262.1	16095.6	14732.4	14640.8	15074.7	14741.6	14655.2	14327.8	13616.3	13610.8	13101.4	12661.9	12540.1	11754.8	11699.1	11565.2	11349.7	11081.7	10704.9	10571.6	10244.6	9669.5	9628.05	9302.7	9284.68	8992.26	8830.35	8666.23	8549.45	8307.91	8129.33
2.45E-07	10434.6	11403.6	13248.1	14126.8	15797.4	16255.8	16926.8	16955.7	16757.5	16978	16862.6	17046.6	16952.2	16053.4	15722.1	16191.4	15553.9	14997.8	14847	13625.7	13320.4	13874.8	13939.3	13585	13084.8	12515	12453.7	12239.4	12152.9	11534.4	11362.2	11039.7	10861	10584.1	10331	10086.7	9676.75	9592.86	9241.01	9205.35	8897.18	8738.61	8559.12	8452.8	8250.48	8023.61	8000.19	7816.85
2.57E-07	8041.84	8926.65	10705.4	11377.7	12941.8	13321.5	14110	14233.3	14327.5	14312.4	14556.8	14758.4	15043.4	14227.8	13932.5	14436	13810.3	13669	13436.5	12293.2	11972.8	12644	12511.7	12501.9	11927	11406.8	11448.6	11175.1	10942.8	10606	10663.1	10394.5	9908.19	10016.3	9358.23	9573.76	9330.81	8989.54	8883.1	8577.85	8518.63	8201.95	8252.5	7970.4	7764.6	7653.03	7649.59	7531.13
2.69E-07	6539.36	7065.95	8270.09	8887.54	10317.4	10509.6	11697.9	11429.6	11894.6	12272.5	12167.9	12513	12720.5	12190.4	12243.1	12549.9	12283	11857.9	12045.6	11088.4	11143.3	11293.6	11051.8	10995	10871.5	10834.6	10404.3	10456.8	9934.94	9959.78	9814.65	9451.02	9185.16	9212.08	8724.09	8729.62	8505.05	8412.96	8263.22	7877.06	7829.58	7798.15	7512.59	7680.77	7220.63	7164.11	7105.8	6839.84
2.82E-07	4960.68	5485.91	6360.27	6857.66	8068.95	8251.02	9212.39	9306.03	9625.77	10252.6	10160.9	10361.1	10831.5	10450.1	10321.9	10781.2	10592.5	10500.3	10603.8	9453.77	9645.27	10045	9786.46	9835.69	9857.6	9567.05	9323.88	9000.58	9095.42	8847.97	8665.35	8554.6	8282.72	8197.32	8297.18	7825.51	7882.91	7779.9	7544.86	7441.89	7249.82	7258	7050.01	6867.6	6709.54	6768.87	6666.49	6484.57
2.95E-07	3793.18	4219.64	4890.37	5281.2	6049.51	6376.31	7153.85	7331.86	7556.43	8136.28	8055.77	8598.29	8795.37	8752.36	8702.6	9103.36	8921.28	8886.31	8856.28	8150.1	8174.48	8504.57	8703.06	8529.06	8528.54	8356	8084.07	8143.51	8009.06	7899.97	7820.51	7844.43	7431.81	7505.52	7370.77	7202.07	7065.63	6980.47	6912.18	6827.3	6683.88	6548.63	6389.01	6379.22	6186.87	6100.4	6059.13	5915.79
3.09E-07	2983.96	3120.63	3763.5	3953.24	4529.8	4840.92	5280.09	5434.77	5785.73	6348.68	6361.13	6860.19	6914.1	7066.1	7036.17	7301.68	7301.12	7247.45	7422.26	6904.42	6725.84	7197.47	7386.48	7353.83	7332.79	7157.38	7004.08	7082.09	6956.88	6703.77	6790.32	6902.01	6646.06	6697.6	6496.73	6430.21	6307.14	6232.37	6106.64	5966.76	6025.59	5745.92	5754.36	5675.45	5648.8	5560.59	5431.66	5282.57
3.24E-07	2236.4	2310.21	2779.86	3010.42	3433.58	3638.44	4017.04	4124.74	4408.29	4800.75	4890.95	5182.52	5607.14	5564.06	5630.88	5762.97	5875.14	6023.23	6035.75	5811.59	5678.02	6066.09	6003.33	6031.82	6232.26	6037.86	6055.55	6120.05	5881.12	5886.59	5938.43	5793	5802.37	5855.04	5545.86	5642.96	5503.81	5415.45	5451.14	5405.44	5253.61	5090.68	5083.92	5076.94	4982.69	4990.86	5102.49	4698.05
3.39E-07	1621.2	1763.27	1936.37	2264.86	2461	2736.41	2893.23	3077.13	3257.76	3665.18	3685.87	4127.98	4284.42	4408.67	4297.04	4684.53	4704.6	4637.81	4836.66	4535.51	4404.5	4876.99	4996.57	5106.5	5089.41	5026.76	4896.52	5049.92	4950.93	5027.05	5085.68	5059.74	4895.89	4830.38	4779.32	4818.38	4720.61	4749.71	4690.77	4700.73	4464.98	4428.62	4487.28	4412.18	4297.37	4374.31	4262.59	4167.73
3.55E-07	1192.64	1264.47	1465.41	1553.61	1755.99	1959.96	2155.61	2240.94	2465.17	2645.59	2731.07	3064.61	3280.05	3357.56	3304.15	3670.35	3675.39	3649.25	3772.18	3597.71	3494.21	3958.35	3990	4071.52	4061.19	4045.38	4070.36	4127.55	4119.69	4147.14	4188.21	4186.84	4087.18	4136.01	3948.46	3937.84	3873.86	3899.54	3996.92	3905.27	3796.83	3727.16	3819.74	3800.13	3748.35	3679.42	3700.9	3494.95
3.72E-07	880.155	896.671	1073.36	1169.1	1231.06	1347.41	1542.56	1576.52	1695.28	1890.08	1999.27	2279.63	2365.58	2449	2468.68	2644.18	2693.15	2726.41	2792.16	2780.79	2795.42	3036.47	3115.96	3203.02	3374.34	3233.18	3279.13	3264.64	3443.45	3331.93	3417.04	3352.1	3387.87	3234.73	3365.31	3352.72	3229.76	3272.99	3387.34	3363.55	3233.92	3128.29	3301.3	3126.31	3131.36	3073.55	3085.85	3054.7
3.89E-07	651.257	686.953	768.117	822.495	903.218	992.352	1038.88	1108.95	1276.98	1392.11	1374.84	1647.54	1708.69	1756.06	1826.37	2015.99	2070.04	2163.72	2206.95	2241.27	2143.61	2370.61	2438.78	2480.64	2567.47	2578.16	2593.31	2636.92	2668.84	2663.94	2652.45	2659.83	2749.14	2741.76	2695.33	2719.72	2654.87	2780.57	2671.19	2717.27	2713.91	2717.5	2669.06	2631.7	2672.58	2633.78	2635.66	2545.99
4.07E-07	505.298	501.275	557.349	600.104	653.413	700.599	790.562	780.956	847.237	1012.89	1030.48	1184.05	1232.57	1332.2	1351	1490.61	1527.44	1633.55	1681.12	1575.69	1610.03	1744.43	1865.95	1913.09	2024.91	2009.09	2064.22	2143.87	2105.55	2137.99	2147.89	2175.78	2222.15	2174.44	2171.95	2203.84	2157.47	2187.08	2167.25	2270.14	2231.02	2218.22	2164.31	2214.95	2204.28	2114.63	2165.64	2098.35
4.27E-07	362.197	347.605	370.825	417.688	448.094	487.571	514.882	532.037	569.898	644.685	677.319	818.873	828.296	934.035	943.188	1048.89	1130.07	1167.74	1192.5	1147.19	1146.78	1304.94	1378.85	1370.48	1484.89	1498.61	1587.02	1574.55	1582.96	1697.83	1718.55	1706.09	1682.83	1768.41	1698.93	1687.83	1702.94	1707.11	1774.69	1786.59	1753.59	1711.1	1805.51	1808.24	1766.99	1747.42	1800.71	1663.75
4.47E-07	261.925	280.031	282.89	325.193	344.013	345.157	372.138	391.685	397.847	485.827	509.978	525.401	599.439	621.923	710.969	799.896	743.185	792.935	857.159	868.796	828.082	935.317	993.793	1054.52	1103.4	1118.61	1114.67	1205.52	1195.88	1208.34	1321.24	1260.61	1303.04	1354.91	1245.94	1292.18	1326.74	1337.65	1392.98	1327.53	1365.71	1362.99	1408.88	1405.37	1362.22	1379.82	1421.27	1309.24
4.68E-07	198.936	208.454	195.709	219.807	234.875	239.503	269.08	269.675	290.326	339.032	368.325	393.243	431.923	446.669	490.104	532.813	533.195	569.156	600.336	590.045	575.314	720.076	707.334	735.449	798.121	781.631	850.419	897.239	873.929	948.642	931.923	977.97	985.736	964.349	986.471	974.513	1054.87	1048.98	1041	1096.27	1105.85	1079.76	1018.25	1066.89	1105.1	1070.48	1073.75	1064.5
4.90E-07	175.202	141.209	163.569	166.134	162.197	166.739	174.334	203.852	216.242	233.723	243.323	289.54	297.781	316.127	348.452	363.929	368.357	382.996	450.735	399.945	391.259	478.323	532.953	552.192	600.562	576.833	613.097	649.787	626.691	648.165	704.431	709.717	698.104	740.809	684.956	701.616	786.889	763.18	785.561	824.693	820.891	814.978	793.147	845.216	860.018	837.39	850.233	813.178
5.13E-07	96.1799	123.051	123.89	124.337	107.019	122.022	128.251	166.766	141.055	158.267	174.727	225.314	225.426	216.897	220.135	276.988	276.967	290.277	278.804	276.168	285.906	335.194	359.221	353.608	413.084	386.696	406.16	422.748	465.79	474.513	509.152	502.702	511.16	502.512	497.126	535.897	561.963	558.046	590.848	603.103	607.102	648.616	601.5	627.17	598.131	656.629	653.416	616.413
5.37E-07	86.1369	92.705	93.2601	93.1588	101.216	96.064	86.5849	104.702	127.499	130.593	125.85	143.373	165.871	168.374	180.204	188.719	178.76	168.07	203.123	186.859	190.176	202.54	226.506	245.913	265.417	284.681	332.635	306.807	308.555	330.15	354.85	346.783	373.868	398.584	355.057	373.709	406.246	380.22	444.091	441.271	420.912	449.567	432.082	450.008	465.345	452.174	456.514	450.453
5.62E-07	66.9951	76.4419	74.9991	69.7078	70.162	74.7672	69.3921	89.9119	96.7174	115.78	104.035	108.279	120.849	117.987	122.96	115.315	128.364	130.115	135.95	127.533	150.38	154.105	165.8	178.355	186.727	210.863	205.533	228.809	217.798	239.292	229.984	254.302	280.88	270.627	258.312	259.47	272.23	281.874	300.126	303.301	312.825	336.957	335.91	321.235	303.047	345.521	339.853	330.924
5.89E-07	61.7697	53.9523	43.2758	67.2943	56.7767	39.2573	42.5729	59.7607	82.9591	86.4367	70.4635	81.3401	83.7531	103.264	85.6849	91.6462	89.3543	100.569	91.1932	95.5836	101.154	117.057	120.468	126.293	134.796	152.503	142.161	159.752	165.223	154.737	172.515	181.344	188.198	165.837	174.394	188.079	199.281	191.779	215.082	198.493	230.898	241.115	206.092	247.308	222.015	222.106	244.961	212.025
6.17E-07	40.006	43.5721	50.4928	47.0435	54.839	43.2437	25.6355	62.7588	67.4644	69.6743	54.5335	70.086	65.5891	62.4329	85.8064	75.6216	77.4651	65.7485	54.7736	64.7457	71.7809	82.7402	87.7126	84.5939	100.063	102.035	93.1728	105.081	101.802	114.258	107.736	113.887	110.927	133.501	109.482	124.236	121.744	137.591	157.797	142.404	160.219	149.61	157.247	142.788	163.204	188.306	163.878	144.617
6.46E-07	35.0889	38.9759	28.5847	29.7189	34.1401	29.7574	15.2368	52.8802	56.7189	59.569	44.6942	58.0897	52.9986	56.4864	60.9782	59.5173	61.1771	59.8492	50.5117	49.8735	66.4553	67.3061	63.923	74.9619	70.6607	79.5815	80.2036	89.9826	78.5288	84.3084	72.9339	86.6831	83.9712	72.1065	89.2258	87.0859	86.7129	95.3724	126.027	112.779	108.996	110.484	100.799	102.275	117.286	116.562	124.583	103.874
6.76E-07	32.8683	43.9322	34.0043	28.2984	31.076	27.0975	11.8175	34.7813	55.4761	44.6921	43.8039	46.8178	51.0326	49.286	52.1537	47.2776	44.6805	39.8859	38.3254	39.0242	35.6179	60.1777	51.0519	57.5302	57.8595	55.7087	61.277	58.7363	53.3524	62.4712	61.8806	60.2381	55.6914	52.6197	55.4914	53.6429	59.9122	72.7123	73.5908	76.9078	80.5938	72.0722	70.3319	65.892	77.1995	67.5901	77.599	68.4523
7.08E-07	29.2009	35.648	30.994	27.703	27.5448	18.41	15.4257	32.494	40.5231	33.568	36.6912	38.2906	38.0857	42.0368	32.9563	46.2398	29.111	30.9313	28.3629	32.1267	30.871	47.0269	45.0797	37.2476	44.2533	40.9157	40.7945	52.0759	49.2283	39.5036	40.1927	39.2906	41.5114	27.8258	44.4745	31.615	58.4763	49.2613	53.3707	62.5856	50.8629	60.5113	51.4797	57.3338	42.1399	48.9255	44.5658	59.2201
7.41E-07	24.776	29.5672	21.9105	13.1996	21.3358	13.0305	17.6282	30.4135	36.8391	37.4591	30.6958	29.9221	31.7544	35.7158	34.0926	45.988	25	28.0901	28.8929	23.6929	26.9311	43.2773	45.2263	36.1991	31.6983	42.5621	43.7835	37.4426	32.7759	35.6929	32.814	35.88	29.1853	26.8053	36.7973	39.9915	31.7807	42.6268	43.5187	38.5497	31.4591	37.5963	37.6689	35.2644	37.3812	29.0025	39.3725	39.9297
7.76E-07	25.8375	21.7606	17.2259	19.8775	21.4856	15.341	11.8411	31.4811	31.3474	25.5697	26.017	23.6402	28.7615	32.4034	33.2918	22.3172	22.3723	18.7169	17.0517	17.2411	24.0839	25.5928	33.6864	36.7685	30.1963	27.0909	27.6768	29.516	23.5312	20.8098	23.0866	21.8188	25.425	18.216	23.8981	30.5045	32.8649	35.6242	36.3481	28.7267	31.9928	30.0688	29.5169	31.3929	25.1027	28.6079	23.9465	30.4205
8.13E-07	17.9398	23.9908	10.9662	15.5631	18.4689	11.9527	6.9516	30.8363	26.4384	31.3911	17.6441	19.1522	22.5763	30.968	21.6328	15.6325	20.6706	17.6467	9.83564	13.9901	18.1441	28.682	27.0879	33.0122	15.938	22.5059	22.5524	23.6577	22.9435	20.2523	20.0942	13.3393	18.8936	11.0224	20.4204	31.4821	31.0463	23.9017	20.6368	26.7431	26.8121	31.0924	21.7656	18.6658	22.5543	14.6567	19.0217	19.9901
8.51E-07	11.9235	16.7991	20.1061	14.6251	4.68925	9.9755	7.88804	24.3024	22.1197	17.4074	20.2824	17.2473	21.984	25.0904	20.885	22.5327	16.9681	16.8916	12.016	9.9359	15.6449	26.703	23.113	32.9904	20.0482	18.0523	18.9264	29.4695	19.735	14.9557	15.3628	18.5846	9.58107	13.7953	20.058	22.9361	13.5968	19.9075	22.7793	19.347	13.7693	18.5651	16.9521	16.158	18.6251	15.8883	11.0198	19.5455
8.91E-07	13	10.9637	9.45903	12.2899	9.1517	8.77579	3.04737	25.303	27.4724	24.7055	18.9845	15.3132	20.7121	10.1822	13.5981	14.9483	15.6078	10.9812	13	6.57585	14.3899	17.8605	26.246	11.7595	21.9151	23.1967	20.669	16.7682	11.1154	11.812	14.5735	14.659	8.72319	7.28793	9.87926	19.3373	13.4034	18.5778	14.4241	17.3175	21.7295	14.7077	15.2534	10.8275	16.2724	11.6551	10.6603	11.9068
9.33E-07	9.49189	11.6585	10.7144	8.55903	11.8948	7.42218	2.86567	17.7474	23.1529	21.7449	13.7898	15.3114	14.3284	15.7759	15.9993	11.7928	15.2687	13.3519	9.02985	7.89487	11.4862	16.6809	21.0452	9.16418	16.1181	17.4109	17.3773	12.2207	13.5242	10.898	8.88985	14.733	10.898	9.0292	13.597	17.1262	16.6293	13.2904	10.059	10.2928	14.1859	11.1206	14.5346	13.1965	13.0292	8.86567	8.49435	14.0323
9.77E-07	5.42952	11.1298	11.4114	8.99092	3.20329	3.57937	2	14.8565	22.1342	16.1317	21.0607	13.4114	12.1254	8.76451	18.4295	13.8301	8.92363	12.4205	6	6.85459	11.4205	13.2416	18.861	18.902	14.0063	15.4004	10.1653	12.8411	10.0044	5.47406	11.1163	8.44475	5.04899	5.45401	13.9755	18.8411	12.4496	14.1163	8.55488	4.91455	8.99092	8.28411	12.4133	9.44957	14.98	4.59942	7.57937	6.92363
